12.08
12.38
14.02
17.67
17.52
14.53
13.49
11.58
12.52
13.25
15.04
16.19
16.82
17.39
13.83
11.34
19.55
15.58
14.73
12.47
18.08
16.32
12.62
10.03
18.66
7.27
15.78
15.73
12.38
12.89
18.48
14.74
12.55
13.58
11.76
11.98
13.56
16.55
15.22
14.54
14.37
15.4
10.14
11.09
18.37
14.71
9.29
11.85
18.59
18.18
18.72
20.96
15.31
11.98
18.16
13.61
13.67
15.21
16.1
13
18.32
14.96
18.21
15.07
17.75
15.77
14.19
13.8
14.84
12.54
10.13
14.17
14.85
16.62
17.85
18.73
17.2
10.49
13.53
18.04
14.97
16.18
15.07
13.69
10.15
13.45
15.94
14.88
11.12
13.5
13.72
7.38
20.21
10.69
15.75
17.96
16.95
19.73
11.91
15.53
14.44
13.37
10.5
18.9
17.89
15.32
13.48
17.17
20.86
15.19
14.95
12.1
18.24
19.86
19.54
18.37
12.89
15.2
12.23
17.88
15.79
12.38
18.98
13.76
23.55
14.86
16.43
15.86
12.98
17.21
15.34
17.57
10.74
18.79
12.83
15.35
14.88
14.69
7.77
15.87
18.75
15.63
18.06
12.05
14.44
16.69
15.8
16.84
13.46
14.63
12.2
10.5
18.68
16.88
15.42
13.01
17.92
15.97
13.32
18.1
16.21
18
17.86
11.6
17.98
16.61
19.06
12.83
18.96
11.71
11.91
17.44
10.95
12.94
15.72
14.02
14.49
11.8
19.29
7.22
15.7
14.48
9.88
18.8
18.07
15.68
15.28
10.88
16.14
16.12
13.52
6.55
20.37
12.92
17.13
11.95
17.99
12.12
15.55
20.89