81.4
46.17
72.8
39.81
10.94
53.6
63.71
53
65.77
66.2
61.11
49.1
66.65
56.43
66.22
58.03
35.49
29.43
67.42
48.82
53.56
46.78
15.68
37.74
53.35
54.56
52.64
31.9
31.4
51.24
46.89
36.86
56.93
52.16
61.21
27.12
42.96
63.39
42.24
66.27
47.62
46.29
61.89
29.62
44.22
26.33
63.86
24.76
49.2
45.48
44.74
33.84
55.2
60.31
41.55
55.04
28.69
32.37
26.77
64.54
57.18
34.65
51.06
39.39
59.32
44.54
28.7
46.08
48.8
58.03
63.79
59.3
44.93
31.41
59.16
53.39
48.84
52.31
67.51
57.53
54.85
41.4
56.7
69.53
40.51
58.3
37.13
63.31
58.97
36.68
40.24
42.24
23.78
84.33
70.68
49.41
61.43
49.91
47.38
64.49
68.76
52.23
61.09
18.63
34.13
55.99
55.3
38.08
40.57
57.97
75.73
63.24
44.53
45.44
37.4
42.26
66.21
42.63
40.67
49.61
63.24
33.48
46.4
52.36
14.24
60.5
35.5
51.49
60.51
20.12
50.65
44.57
62.94
35.74
17.2
26.63
51.29
62.93
40.24
32.82
58.05
40.83
56.29
42.36
65.32
36.22
42.13
60.43
56.59
21.47
28.87
54.54
43.35
65.82
18.98
50.41
57.84
52.55
57.86
56.09
59.83
28.46
26.22
53.54
25.17
60.13
55.53
29.87
29.28
44.03
28.94
57.33
47.06
38.29
35.09
62.59
22.54
35.35
58.56
63.09
46.86
47.44
55.19
74.07
28.67
57.85
34.78
55.09
38.03
35.84
31.57
56.69
37.76
71.4
51.45
67.18
44.32
57.07
58.25
46.17