428,65
432,65
429,35
498,65
439,95
478,65
693,15
478,15
482,15
693,15
614,43
455,15
523,94
693,15
562,65
481,15
693,15
693,15
478,15
496,15
489,55
439,15
492,16
461,06
487,85
493,15
683,15
490,15
372
445,2
398,35
480,78
317,97
433,15
430,7
446,15
447,65
462,65
372,65
420,75
448,9
397,1
333,15
428,15
437,15
416,15
485,7
413,15
433,15
397,15
430,7
446,15
435,3
372,6
484,15
426,8
411,65
430,7
409,77
398,65
451,05
391,65
335,1
401,05
354,02
308,05
457,1
428,15
437,15
442,45
416,15
372,19
406,55
542
474,15
413,15
469,1
428,75
496,4
433,65
622
426,65
527
274,35
255,5
279,4
270
523,15
523,15
364,65
390,15
403,65
423,15
247,08
272,15
614,49
636,93
272,45
288,45
533,15
432,15
302,55
637,37
485,73
484,15
585,15
613,15
708,15
446,15
676,15
537,15
664,15
520,15
697,15
570,15
687,15
554,15
652,15
503,15
465,15
640,15
627,15
599,15
319,2
346,15
366
415
407,15
535,15
570,15
680,15
347,23
643,15
476,15
630,15
454,15
668,15
517,15
656,15
497,15
616,15
430,15
379,15
601,15
586,15
553,15
285,06
289,85
442,15
481,15
597,15
225,81
560,15
374,15
545,15
348,15
585,15
421,15
569,15
398,15
530,15
320,15
260,15
515,15
498,15
462,15
566,67
567,11
704,39
750,15
521,35
635,75
612,87
681,51
658,63
589,99
544,23
795,91
773,03
727,27
283,15
299,15
516,65
508,15
366
389,75
418,25
428,15
250,15
300
619,12
636,93
406,15
633,15
277
300
538,15
451,15
300
639,72
503,15
489,35
462,08
474,15
320,75
345,65
361,15
375,15
417,65
420
387
405,15
285,06
287,85
278,15
264,97
566,67
569,46
524,14
546,58
418,35
386,88
325,59
548,15
440
300
639,72
391,11
433,15
488,52
488,52
478,15
415
426,15
418,7
287,85
287,85
265,41
569,46
569,46
547,02
409,78
378,04
488,96
420
288,29
569,9
408,15
411,15
403,15
403,15
403,15
406,15
394,75
457,15
453,15
445,24
420,15
445,24
431,15
550,15
707,15
583,15
686,15
381,15
697,15
652,15
495,15
639,15
475,15
675,15
533,15
664,15
515,15
736,15
626,15
453,15
406,65
726,15
612,15
717,15
598,15
567,15
276,17
303
315,33
305,15
333,15
418
399,15
305
381,65
400
378,15
421,1
402,75
386,95
520,15
689,15
556,15
667,15
330,45
304,71
678,15
630,15
460,15
617,15
437,15
655,15
501,15
643,15
481,15
603,15
412,95
361,25
349,65
588,15
699,15
572,15
539,15
566,12
640,15
660,15
544,32
605,15
697,15
593,15
629,15
617,15
688,15
580,15
556,71
679,15
670,15
650,15
449,82
423,65
308,67
311,46
306,15
311,46
314,15
456,15
624,15
492,15
603,15
249,13
187,5
614,15
566,15
392,85
553,15
368,15
591,15
436,15
579,15
415,15
539,15
342,15
281,15
524,15
635,15
509,15
475,15
496,41
499,2
476,32
499,2
476,76
614,04
659,8
452,15
774,2
545,4
751,32
522,52
591,16
797,08
568,28
728,44
499,64
453,88
705,56
682,68
636,92
411,15
407,15
426,15
329,15
392,7
361
293,78
446,65
460,31
385,65
437,43
350,15
567,85
655,15
677,15
613,15
713,15
594,95
642,15
629,15
705,15
581,91
562,15
696,15
687,15
666,15
557,44
634,15
659,15
545,78
550,25
607,15
691,15
594,18
630,15
619,15
684,15
581,04
556,37
676,15
668,15
650,15
574
550,15
520,15
614,04
567,15
583,15
572,15
598,15
612,15
639,15
652,15
698,15
523,15
437,15
300
637,37
411,15
411,15
486,95
464,15
345,05
440
396,15
285,5
262,62
567,11
544,23
527,25
524,16
546,31
513,15
494,15
508,15
507,15
499,15
512,15
503,15
506,74
525,62
509,15
513,15
510,15
509,15
525,15
526,15
527,15
543,55
507,15
525,15
580,65
502,15
480,77
478,19
449,2
585,41
519,25
522
471,15
585,41
581,85
493,15
493,15
495,31
457,15
437,15
517,15
519,15
491,75
439,15
430
490,66
490,7
287,85
265,41
567,11
569,46
547,02
493,55
488,95
449,27
415,15
394,75
509
556,15
518,25
523,16
532,15
469,99
585,41
585,41
585,41
570,29
488,15
504,15
486,15
440
491,15
288,29
569,9
517,15
489,75
486,15
494,15
486,15
442,53
415,05
555,15
585,41
585,41
503,15
581,25
553,15
585,41
553,15
551,15
558,15
490,15
455,15
284
469,57
486,03
446,15
422,15
486,03
445,24
439,46
404,51
501,15
486,03
545,65
514,15
457,15
413,16
320,31
276,92
301,15
319,78
332,15
319,95
346,95
403,65
407,15
380,15
416,15
448,15
514,15
529
397,15
356,59
328,15
454,15
309,25
446,15
420,15
369,52
369,55
348,15
545,65
557,65
585,41
309,11
308,15
311,46
323,15
283,65
348,15
288,15
521,15
531,15
496,85
473,97
499,2
476,76
473,16
499,64
500,16
477,15
357,2
475,75
483,85
585,41
474,95
482,05
585,41
399,05
411,13
370
378,95
539,46
401,65
462,66
393,32
439,78
357,15
558,65
564,15
553,65
556,81
693,15
336,57
419,2
349,15
679,15
318,01
392,45
392,65
460,75
485
307,65
712,15
458,15
420
285,5
567,11
411
413,16
585,41
388,65
521,25
704
481,55
489,05
511,15
485,55
557,65
629,6
585,41
576,21
553,15
553,15
581,25
558,15
364,15
419,15
481,38
353,49
416,15
523,94
437,15
456,15
493,15
442,89
445,24
448,15
442,89
448,15
463,15
440,45
398,15
419,15
447,65
402,77
401,15
418
418
408,15
447,45
419,85
483,65
402
406,65
428,15
393,55
380,65
579,15
568,35
576,34
564,65
443
423,15
309,11
288,29
311,9
311,46
336,15
309,11
333,15
353,15
314,45
538,15
543,15
560,15
496,85
569,9
499,64
499,2
476,76
496,85
476,76
499,64
496,15
472,15
480,75
472,25
543,15
479,75
585,41
467,65
548,15
475,39
585,41
476,44
393,1
400,25
365,1
365,15
538,36
378,15
584,15
575,15
576,15
566,15
577,15
571,85
610
704,15
346,55
690,15
315,05
410,15
487,55
321
585,41
558,15
585,41
551,15
519,65
431,65
360,15
669
418,15
510,43
486,03
445,68
470,15
486,03
524,48
473,15
430,15
441,65
425,65
429,26
428,25
435,15
578,15
585,41
311,9
350,95
359,15
556,15
499,64
477,2
499,64
469,35
540,15
477,45
585,41
585,41
395,9
401,65
366,35
540,46
374,47
590,15
481,77
725,15
338,15
711,15
299,11
493,15
486,15
382,15
514,65
423,27
466,15
486,03
510,82
486,03
524,48
495,45
454,15
456,16
598,15
378,65
500,08
603
436,15
401,15
375,15
538,16
600,15
332,61
452,15
553,15
518,65
477,15
585,41
522,52
567,15
404,25
536,16
536,15
454,15
585,41
536,16
544,15
514,15
568,28
543,15
558,15
533,15
418,15
411,15
426,15
396,15
339,15
421,15
390,15
404,15
411,15
424,15
390,65
332,85
421,15
389,88
426,71
417,15
425,15
420,15
418,15
420,15
341,15
310,18
423,15
409,15
425,15
418,15
410,15
410,15
333,65
346,15
338,15
400,55
417,15
383,35
418,15
382,44
404,15
414,37
420,68
417,15
411,15
413,15
418,15
333,15
301,36
423,15
409,15
417,15
412
418,15
330,65
346,15
338,15
411,15
382,3
494,7
570,65
601,65
397,65
386,65
378,15
442,05
408,77
424,05
400
432,61
405,98
395,15
397,05
444,15
392,15
333,65
580,15
410
413,15
377,65
498,15
416,45
364,15
397,15
397,15
393,65
417,15
364,68
396,65
410,15
384
393,55
421,15
420,15
377,15
396,15
377,15
396,15
374,75
513,75
681,15
549,05
659,15
670,15
622,15
452,05
609,15
428,45
554,25
647,15
494,55
635,15
473,95
710,15
595,15
402,74
344,15
701,15
580,15
691,15
565,15
531,95
266,9
546,28
429,15
562,54
261,41
285,15
263,95
290,15
280,69
341,15
289,3
428,15
394,15
302,5
390,15
385,15
395,15
588
490,15
352,15
399,15
326,15
369,65
341,25
383,15
381,15
378,15
393,15
342
381,15
390,15
489,15
395,45
360,15
383,15
424,15
402,15
496,15
446,15
398,15
357,35
382,15
358,25
383,15
351,58
499,02
668,15
536,33
646,15
657,15
613,15
433,59
599,75
408,24
532,45
636,15
478,37
625,15
456,62
585,15
319,67
688,15
569,99
678,15
553,15
518,49
504,07
443,75
634,15
542,15
652
447,16
385,65
640,15
639,15
547,75
536,95
486,5
571,15
676,15
488,16
656,16
645,5
615,54
613,16
475,26
465,57
404,15
533,15
549,62
486,15
466,15
425,5
476,15
465,15
474,15
469,75
478,15
512,72
528,15
410,14
379,48
531,48
405,15
463,1
393,76
440,22
350
354,15
332,28
305
317,11
317,11
355,15
289,15
348,85
317,11
360,15
357,15
317,23
317,23
305,65
459,35
637,15
498,15
614,15
626,15
576,15
391,05
562,15
364,65
602,15
438,15
589,15
415,45
547,15
269,95
531,15
648,15
515,15
479,15
628,15
627,15
621,16
610,5
573,48
572,16
425,95
449,45
366,79
594,15
492,15
610,15
372,93
607,16
597,23
558,02
619,15
557,16
430,55
336,63
578,15
473,15
595,15
344,48
418,65
429,38
438,15
439,15
388,1
410,98
410,98
441,15
393,55
436,15
410,98
447,15
446,25
405,15
411,1
405,15
411,1
403,68
536,85
701,15
571,35
680,15
691,15
644,15
477,1
630,15
454,48
668,15
518,15
656,15
498,26
731,15
617,15
375,6
722,15
603,15
712,15
587,15
554,65
552,65
581,25
540,94
407,15
506,13
424,15
425,31
394,67
329,92
421,15
445,15
419,15
479,75
478,15
497,15
480,25
481,95
445,35
455,65
481,15
462
549,15
469,15
444,15
416,15
490,65
457,95
449,15
585,41
469,15
473,6
476,75
473,85
489,65
458,15
469,65
478,15
465,15
394,2
546,15
467,15
439,65
585,41
454,95
437,65
467,15
462,41
459,15
480,15
547,15
469,15
443,85
585,41
456,45
448,65
470,15
465,91
425,15
543,15
546,15
585,41
544,15
554,15
548,15
493,74
429,25
401,2
340,16
421,15
425,73
421,15
394,25
415,15
421,15
424,15
516,15
424,85
394,35
331,81
414,15
419,52
424,15
394,25
415,15
421,15
421,15
508,15
528,45
406,15
455,15
393,76
440,22
364,85
441,15
383,45
348,95
471,65
521,15
517,83
473,73
442,15
449,15
445
446
414,87
445
446
446
425,92
539,15
570,15
667,15
635,15
486,15
623,15
466,65
656,15
522,15
646,15
505,15
611,15
404,33
598,15
584,15
555,15
645,16
634,6
602,17
600,16
468,15
486,25
466,65
420,02
621,15
527,15
639
423,85
633,16
624
587,97
586,16
447,15
468,35
394,44
608,15
510,15
625,15
399,35
672,15
593,86
583,4
541,61
608,15
541,16
303,11
332,4
315,65
562,78
452,15
579,15
313,33
459,15
470,15
493,15
472,05
477,15
651,15
610
607,15
627,15
519,15
448,65
421,85
529,55
404,35
545,96
575
417,15
480,15
551,45
663,15
662,15
579,36
568,8
524,25
596,15
525,15
652,15
651,15
540,15
563,96
553,6
505,93
584,15
507,16
530,55
518,15
465,82
557,15
664,15
468,16
619,65
517,15
702,15
552,35
690,66
690,66
460,15
570,15
568,15
570,15
571,15
569,15
568,15
570,15
496,15
531,15
490,15
489,15
467,15
472,15
473,15
457,15
439,21
468,15
467,15
443,65
466,15
446
474,15
379,44
453,15
433,48
473,15
413,44
479,15
487,15
467,55
475,15
459,15
432,45
463,15
467,15
447,15
461,15
477,15
459,15
465,15
477,15
447,35
481,15
449,15
431,96
468,15
406,18
460,15
439,15
461,95
467,15
513,48
464,15
447,15
421,56
465,15
458,15
443,15
467,15
467,15
455,65
566,67
430,15
447,65
473,15
453,15
459,15
446,25
474,15
425,15
466,15
449,15
465,15
354,03
430,76
406,75
473,15
452,15
382,99
363,94
469,15
449,15
519,5
458,75
473,15
453,15
463,15
467,15
440,15
443,15
426,96
465,15
395,44
459,15
458,15
463,15
470,15
442,15
421,04
460,15
453,7
451,1
435,35
458,15
457,95
505,15
524,15
441,45
479,15
464,15
465,15
448,15
442,15
462,15
443,15
424,15
408,25
467,15
451,15
454,15
460,15
421,46
399,69
464,15
444,65
372,39
459,15
453,15
443,15
439,15
397,45
410,61
457,15
442,15
463,15
458,15
463,15
443,15
433,15
453,15
459,15
439,15
455
453,15
462,15
423,96
397,24
464,15
444,15
436,15
458,15
464,15
463,15
463
453,15
455
460,15
422,09
463,15
447,15
458,15
468,15
443,15
468,15
442,45
417,15
443,15
388,25
301,05
444,73
418
376,15
454,15
444,73
400,15
342,46
559,15
446
308,67
304,05
332,85
272,75
496,41
473,97
496,85
446,15
473,15
475,55
426,15
480
409,95
465,15
445,65
481,15
426,15
376,83
386,25
462,15
463,15
394,21
461
447,15
449,15
469,15
406,99
451
429,25
419,15
463,15
445,15
467
443,65
409,15
398,15
469,15
393,56
473,15
460,15
441,15
460,15
447,15
455,15
463,15
457,15
445,15
462,15
466,15
378,58
374
377,15
322,88
402,15
460,15
474,15
513,15
592,15
405,84
578,15
379,99
453,15
606,15
430,05
473,73
324,65
563,15
352,34
347,15
378,75
436,95
460,31
390,97
437,43
350,15
547,15
365,35
427,18
400,03
359,15
530,15
494,15
554,34
547,15
479,15
476,15
460,15
473,15
454,15
468,15
453
481,15
455,15
437,75
474,15
414,7
473,15
465,15
470,15
449,15
426,26
467,15
448,15
469,15
469,15
479,15
416,15
285,06
433,15
351,04
449
381,46
404,15
433,15
472,15
456,15
467,15
433,36
410,84
475,15
455,15
387,92
473,15
463,15
463,15
453
481,15
474,15
451,15
434,76
469,15
470,15
468,15
474,15
532,65
452,15
429,36
470,15
533,15
528,15
447,15
468,15
523,15
467,15
456,15
381,15
466
431,15
389,41
476,15
460,15
439
477,15
459,15
430,15
471,15
453,15
470,15
433,06
412,2
473,15
453,15
386,62
510,15
465,65
445,85
475
445,15
468,15
448,15
468,15
521,15
463,15
470,65
449,15
439
467,15
469,15
450,15
463,15
467,15
433,86
404,5
469,15
450,15
508,55
457,15
437,65
466,15
585,41
469,15
483,65
469,15
463
463,15
466,15
429,16
550,15
471,15
453,15
510
444,75
474,15
452,15
473,15
396,09
486,03
444,01
434,15
510,82
469,15
451,65
385,15
457,15
402,15
392,65
436,65
479,15
412,15
366,5
480,65
585,41
505
308,67
320,15
330
525,62
525,62
327,65
496,41
476,32
499,2
510,74
480
341,93
480
422,15
417,65
328,76
447
383,65
437,15
357,43
445,95
589
525,85
407,26
391,75
346,35
446
455
418,35
433,25
394,92
412,15
370,55
466
477,15
461
453,15
475,15
417,86
447,15
431,35
474,15
453,15
462,25
413,15
477,15
452,15
470,15
510
465,15
467,15
451,15
467,15
510
472,15
510
387,15
387,15
494,65
551,15
386,15
331,13
401,15
464,85
479,15
520,15
367,65
600,15
413,66
586,15
388,76
541,16
459,15
614,15
437,47
571,15
362,93
434,35
536,15
465,57
555,15
370
414,75
489,45
538,15
501,15
562,15
341,15
321,4
490,07
547,15
469,15
475
447,15
464,15
437,15
458,15
457,15
444,15
374,59
466
419,55
378,06
467,15
451,15
444,15
465,15
465,15
424,16
403,81
463,15
444,15
376,15
449,15
465,15
467,15
459,45
466
469,15
468,15
455
470,15
507,65
429,66
468,15
449,15
508,55
461,15
460,15
466
464,15
439,96
458,15
455,15
505,65
420,76
465,15
447,15
493,95
443,7
625
467,15
444,15
464,15
524,28
555,15
542,15
536,65
455,15
454,15
450,65
521,15
422,15
474,25
501,15
330
499,2
510,74
585,41
448,15
384,35
432,15
432,15
354,76
481,77
459,15
470
461,15
455
423,85
383,75
485
395,15
406,15
356,45
473,15
462,15
473,15
479,15
451,05
452,15
470,15
409,87
515
433,15
467,65
465,15
448,15
430,2
411,95
397,55
457,15
460
443,15
464,15
444,55
465,15
464
462,15
449,15
466,15
515,15
465,15
500,15
382,15
380,75
487,15
545,15
473,15
507,15
368,15
581,15
406,05
568,15
382,58
451,15
594,15
429,05
554,15
353,64
431,55
540,36
539,15
370,75
413,85
481,15
524,15
489,15
590
614
353,15
484,13
467,15
466
463,15
442
465,15
425,96
463,15
445,15
469,15
466,15
469,15
451,15
467,15
465,15
481,15
486,03
491,48
450,15
473,15
500
339
510,74
387,45
452,15
384,75
408,41
619,15
455
425,65
385,35
463,15
463,15
449,15
585,41
467,15
500
432,15
420,65
463,15
443,15
448,15
465,15
500
462,15
464
463,15
451,15
466,15
470,15
500
375,15
375,15
487,15
549,48
471,15
366,15
409,16
382,26
452,15
431,65
430,15
537,65
365,65
409,85
478,15
590
484,33
569,15
720
463,15
449,15
472,15
498,4
603,05
530,65
541,15
527,81
517,15
391,15
471,15
508,65
576
491,15
552,45
510,74
480
483
444,15
436,15
449,15
470,15
500
448,15
445
403,75
463,95
443,15
463,15
501,15
451
456,15
468,15
457,75
468,15
471,15
488,15
536,15
471,15
394,8
408,36
535,15
452,15
433,53
417,2
538,56
465,57
489,45
485
558
529,15
474,22
470,15
485
469,15
467,15
463,15
475,15
475,15
536,15
453,15
433,03
537,65
506,13
603,77
477,15
456,15
523,15
477,15
422,27
395,12
340,82
422,27
395,12
422,27
415,68
422,27
422,27
395,12
340,82
422,27
395,12
422,27
415,15
422,27
515,74
475,05
501,15
466,75
433,15
473,73
564
472,15
423,45
442,65
456,65
472,15
446,15
575
455,15
449,65
451,15
370
447,65
377,65
525,4
438,65
377,15
375,15
435,3
435,3
408,33
444,15
472,15
381,65
428,15
450,15
514
403,15
438,15
447,15
354,15
498,15
381,15
321,55
406,15
361,65
381,15
415,65
346,4
383,15
405,15
374,15
391,15
388,45
401,96
404,15
358,95
385,15
367,95
385,15
364,37
364,45
513,75
549,05
439,15
417,05
461,65
390,55
332,56
335,88
358,15
405,15
275,5
393,65
449,15
444,47
465,15
510,52
519,65
501,15
551,65
562,16
503,15
508,15
261,05
279,25
308,25
254,55
331,65
412,15
386,15
442,15
361,15
295,8
413,42
385,15
413,42
445,15
401,15
442,45
337,65
442,45
408,15
384,65
323,75
440,65
369,15
384,15
363,15
367,15
380
386,15
411,15
442,45
339,95
365,15
335,75
365,15
341,25
341,35
401,75
413,42
397,15
529,15
463,15
445,15
308,85
501,45
490,15
484,15
483,35
636,15
656,15
457,75
436,15
433,15
538,35
525,15
519,85
682,15
499,15
651,15
639,15
625
625,15
465,57
466,18
413,65
374,57
408,15
429,74
466,95
501,15
348,15
419,65
337,82
472
457,75
393,15
482
439,15
367,15
455
448,72
480,15
504,15
447,15
504,15
433,65
515,75
508,15
463,19
459,98
501,15
539,12
389,95
418,15
435,65
564,01
365,65
456,91
433,8
501,15
472,92
489,15
467,8
490,71
442,45
442,35
531,05
482,35
422,55
518,65
382,15
426,94
430,15
378,15
407,15
297,65
309,63
249,15
340
350
285,25
343,15
309,19
316,99
350
350
317,11
317,11
298,25
359,35
263,81
561
614,15
601,15
592,15
584,15
415,15
436,75
432,35
432,15
424,18
371,4
598,15
612,15
385,15
600,15
587,15
580,15
569,15
390,65
412,05
413,04
410,15
400,7
341,15
568,53
583,15
586,63
596,15
524,28
357,67
485,15
461
484
400
403,5
373,15
426,59
426,59
373,16
431,15
403,06
410,86
428,94
430,15
388,1
410,98
388,1
410,98
393,15
393,25
477,1
442,15
483,15
362,65
585,41
510
444,47
418,15
473,74
386,15
527,81
494,15
541,35
487,65
432,95
426,15
430,9
488
402,65
397,5
519
482,88
562,15
462,15
570,15
396,15
451,15
557
348,55
487,15
323,15
349,15
349,15
392,15
392,25
401,85
400,65
304,31
305,4
507,63
463,85
504,45
546,15
588,15
448,75
448,75
392,37
573,15
437,15
437,15
364,99
585,41
615,15
495,15
441,55
602,15
473
417,8
568,53
557,15
421,15
335,25
436,15
517,15
378,15
585,41
540,15
523,15
512,53
484,75
447,15
345,15
505,76
429,24
372,28
311,71
430,15
450,25
429,85
395,75
415,95
368,56
487
451,15
407,26
394,56
409,65
340,45
373,15
476,15
459,15
468,15
452,15
468,15
450
448
383,15
451,15
430,95
390,15
466,15
457,25
473,15
433,15
550,16
474,15
455,15
500,15
430,15
440,75
440,65
431,15
385,15
418,15
416,15
406,15
368,35
465,15
451,15
451,45
469,15
547,43
481,55
473
434,15
457,15
456
399,66
422,15
515
405,2
380,53
547,15
540,15
512,53
467,15
452,15
466,15
436,15
452
463,15
547,15
471,15
449,15
500,75
439,25
427,15
445,15
463,15
547
482
457,15
412,15
447,15
464,15
515,15
458,15
552,35
471,15
433,25
543,15
469,15
451,15
500,85
448,65
514,15
464,15
510,15
482
476,65
464,15
515
512,53
543,16
471,15
455,15
487,15
498,65
515
543,16
475,15
543,15
555,15
467,25
493,15
385,15
359,15
489,15
385,15
359,05
481,15
474,15
497,15
470,15
528,65
365,15
365,65
398,55
450,15
413,15
452,15
393,76
440,22
368,65
450,15
438,9
422,65
462,34
553,65
502,65
542,21
453,15
337,85
585,15
390,8
436,35
468,15
570,15
416
363,2
483
488,65
479,45
514,26
612,15
440,15
599,15
456,62
416,43
518,15
554,75
390,15
333,41
420,15
468,75
402,55
420,75
520,91
538,35
353,37
426,19
405,63
347,55
385,71
664,45
521,05
519,25
484
435,4
442,15
446
400,31
436,15
443,15
443
616
412,85
413,15
449,15
480,78
393,4
639,15
627,15
616,15
612,15
481,35
471,65
466,65
467,15
624,15
642,15
435,05
368,65
627,15
614,15
606,15
598,15
437,15
459,55
459,55
452,95
453,15
446,15
490,71
619,43
612,15
665,1
628,15
410,88
497
586,15
572,15
565,15
553,15
385,55
306,7
568,15
583,16
329,27
497,65
465,53
475,15
461,15
490,65
492,05
463,15
428,95
491,05
462
452,15
390,85
510,46
534,15
499,15
546,66
433,15
494,15
492,55
440,15
431,65
524,32
407,65
484,92
502,03
585,41
501,15
531,65
522,15
523,15
510,15
486,71
503,15
507,15
553,25
497,23
571,15
557,15
551,15
536,15
646,15
555,15
541,15
535,73
518,15
520,45
508,15
501,15
500,98
669,15
479,15
567,15
570,15
571,15
567,15
443,15
559,15
248,15
479,15
453,15
457,15
443,16
475,15
482,15
454,15
471,15
469,15
479,15
444
378,15
438,15
478,15
463,15
472,15
435,06
413,62
475,15
455,15
463
453,15
470,15
466,15
466
470,15
475,15
428,85
463,15
447,15
462,85
455
471,15
450,15
468,15
440,15
381,15
405,15
357,55
442,86
461
460,05
439,46
478,15
419,34
333,45
496,85
478,65
416,15
314,39
310,87
454
377,15
438,15
350,63
343,15
393,15
393,55
379,45
446
383,15
433
420,15
420,15
403,75
372,05
423
483,15
500,93
453,15
471,15
449,15
467,15
483,34
469,15
448,15
464,15
469,15
447,69
377,15
409,15
392,15
361,15
476,15
410,45
385,12
455,15
434,36
359,21
372,15
427,18
400,03
556,15
475,15
458,15
474,15
468,15
464,15
444
377,15
431,15
385,15
478,15
439,15
475,15
385,15
385,15
434,26
473,15
454,15
468,15
470,15
472,15
475,15
478,15
435,66
473,15
454,15
524,95
470,15
452,15
473,15
510,82
486,03
388
545
501
482,05
453,15
437,06
472,15
547,87
400,75
510,74
454
385,15
438,15
353,95
353,15
515
444,15
431,15
426,15
405,15
401,15
483,15
619,15
458,15
473,15
425,15
456
454,15
474,15
474,15
464
471,15
455,15
471,15
515,15
471,15
515
389,15
362,4
395,15
389,15
364,65
395,15
501,15
555,15
478,15
351,67
413,76
390,88
458,15
436,56
360,8
452,25
564,15
465,57
381,65
418,15
489,45
610
500,15
466,15
468,75
439
456,62
456,91
480
464,15
443,15
470,15
468,15
500,15
527,81
524,28
517,15
474,65
452,15
470,15
521,15
510,74
456,15
377,15
535
433,15
453,15
469,15
450
425,15
425,15
466
454,15
470,15
532,15
460,15
435,15
467,15
469,15
463,15
470,15
385,15
385,15
493,65
547,65
473,15
409,16
453,15
432,56
445,05
465,57
489,45
588
494,89
463,15
475,15
472,15
446,15
465,15
469,15
464
474,15
455,15
433,96
543,15
706,07
485,15
485,65
427,15
485
469,15
469,65
475,15
457,15
505
559,87
544,15
478,15
534,15
395,8
364,55
422,27
395,12
397,65
364,55
422,27
398,15
395,8
364,55
422,27
395,12
395,8
364,55
422,27
395,8
356,65
445,15
436,65
413,15
438,65
426,84
460,65
433,15
408,33
398,45
414,15
408,77
378,15
383,15
343,16
376,52
376,08
368,15
401,96
389,15
373,41
403,15
383,15
383,15
414,45
391,75
450,15
520,15
337,15
366,15
318,3
470,76
442,45
401,15
411,15
363,15
366,95
394,15
345,35
385
364,15
470,76
470,76
416,65
353,15
442,45
408,15
470,76
389,15
363,15
363,15
483,65
417,15
396,15
437,15
689,65
483
476,15
452,45
406,65
512,53
519,25
492,55
603,15
420
505,76
480,15
453
383,45
482
439,15
357,26
357,15
442,66
428,46
429,26
442,6
436,86
433,26
427,26
456,15
455
441,15
434,36
411,16
388,8
425,15
411,15
369,16
405,02
435,26
455,35
432,15
389,15
374,65
426,6
436,96
413,76
456,91
472,15
415,65
468,15
427,65
436,16
413,56
471,15
466
469,15
431,36
472,78
394,15
467,11
394,15
559,11
404,76
370,92
481,85
564,69
365
416,35
391,69
436,35
461,15
439,66
366,62
440,15
539,15
389,15
426,94
438,15
409,15
286,43
309,31
270,15
309,63
309,19
305
345,15
306,52
340
317,11
317,11
356,05
573,15
429,85
430,15
420,55
369
363,69
380,31
568,53
569,98
559,15
407,26
408,55
408,15
396,65
354,35
440
444
400
403,18
375,16
403,5
410
380,62
428,94
400,39
426,59
410,98
410,98
477,1
441,15
510
488,35
439,86
501,15
450,65
430,15
501
430,15
430,7
317,15
340,15
447,15
439
549,15
482,88
492,15
561,15
314
569,15
343,15
472,15
350,15
326
350,15
350,15
391,5
404,35
293,21
302,15
459,15
384,15
422,15
445,15
443,15
357,05
358,15
411,65
487
473
425,55
426,15
327,33
330,85
471,15
505,76
486,15
382,91
384,65
386,05
468,15
435,15
359,52
466,15
450
384,65
434,15
439,25
437,15
425,15
413,15
446,15
377,15
585,41
501,15
487
454
456,62
418,15
407,36
390,55
390,65
341,05
585,41
535
412,15
385,15
474,15
459,15
470,15
450
448
385,15
433
477,15
458,85
391,42
434,15
394,15
415,95
482
462,15
394,06
421,15
477,15
463,15
471,15
438,65
452
474,15
455,15
503,15
437,85
435,15
426,15
450,15
468,15
510
453,15
447,15
452,15
470,15
535
463,15
472,15
468,15
449,15
509,15
427,35
465,15
514,15
482
467,15
531,15
472,15
455,15
497,35
473,15
485,15
395,15
370,41
340,85
394,15
368,55
395,15
368,33
343,59
394,15
366,69
520,15
472,15
490,15
545,85
365,75
403,65
449,68
452,15
370,15
440,25
375,62
377,15
423,15
338,05
463,15
552,39
503,45
338,65
586,15
392,08
571,15
416
365
365,15
486,15
522,15
613,15
440,95
473,73
600,15
417,38
456,91
555,15
395,15
336,42
426,15
470,65
417,29
416,05
525,45
539,45
411,15
431,19
411,49
388,55
521,85
483,95
443
443
475,93
449,15
600,15
467,85
468,15
463,15
430,25
604,43
607,48
587,15
447,85
440,65
406,29
661,15
544,15
362,15
387,05
464,15
364,15
462
502,15
434,15
474,15
526
510
513,15
552,35
512,95
528,15
531,15
538,47
511,15
502,15
500,15
466,65
473,15
573,15
566,15
709
743
473,15
471,15
453,15
464,15
454,15
453,45
473,15
455
380,35
433,15
345,67
349,23
435
488,99
411,15
398,15
356,15
401,15
461
449,15
471,15
432,15
421,15
456
469,15
464,15
379,15
353,58
379,15
349,89
390,39
361,15
472,15
408,36
451,15
430,66
427,18
475,15
471,15
471,15
524,48
470,15
455
382,15
485
435
383,15
472,15
429
473,15
383,15
383,15
475,15
455,15
435,29
538
466
585,41
455
485
467,15
464
471,15
452,15
545,15
485
465,15
472,15
546
400,96
395,8
533,15
478,15
426,84
447,5
426,84
371,95
384,15
376,52
391,15
376,2
389,65
389,65
434,15
534,15
521,15
361,15
347,15
370,15
401,15
396,15
375,15
426,15
376,15
412,15
365,15
495,15
442,45
470,76
370,15
370,15
417,15
483,15
479,65
443,75
443,65
519,25
465,57
505,76
453
383,15
493,99
420,16
434,06
434,26
441
429,36
406,96
452,15
436,06
437,15
435,36
452,15
473,15
433,96
466
470,15
565,15
386,15
461,59
462,93
386,15
556,15
406,15
371,36
477,15
570,18
414,36
457,15
436,8
442,35
426,94
286,87
309,31
309,63
309,31
316,79
316,79
702
412,65
427,85
417,15
444,15
429,15
432
400
403,18
410
403,18
410,66
410,66
477,1
510,15
510,15
524
528,15
415,65
463,15
498,15
432,06
471,15
451,15
502,35
451,15
564
490,15
493,15
563,15
561,15
343,15
349,45
456,35
385,95
446,15
446,15
359,88
426,15
364,15
489,15
473
424,95
327,01
334,32
482,15
468,15
449,65
383,45
495,55
444,75
405,65
424,15
412,15
372,69
477,15
474,15
460,15
501,15
404,85
389,15
330,35
346,28
481,15
465,15
547,87
413,15
385,65
478,15
474,15
473,15
448
380,65
437,15
452
389,15
387,45
473,15
456,15
509,15
428,55
394,15
422,15
409,15
459
456,62
547,87
406,8
472,15
453,15
434,25
453,15
471,15
482
454,15
451,15
468,15
471,15
466
471,15
453,15
467,15
469,15
469,15
453,15
473,15
484,15
493,15
508,15
387,15
359,46
329,53
395,15
480,65
387,15
360,71
331,75
395,15
490,15
543,15
445,15
375,89
425,65
338,82
461,05
555,11
390,86
490,65
529,15
438,85
415,59
395,15
427,15
473,65
418,5
538,81
431,79
482,15
513,15
600
473,73
466,15
465,65
460,65
419,05
568,15
568,15
427,15
358,15
449,75
449,45
436,15
423,15
404,75
461,15
418,15
523,65
433,65
467,15
430,66
472,15
453,15
506,65
458,15
409,65
511,15
515,25
537,15
521,15
510,15
478,15
514,15
447,15
464,15
512,88
500
507,63
471,65
502
506,15
498,15
488,15
478,15
455
375,65
486
439,15
460
421,1
426,15
380,05
377,25
470,15
450,15
550,15
465,15
474,15
546
547,15
539,15
494,65
401,15
426,15
388,08
398,15
398,15
553,05
488,65
531,15
490,65
393,85
376,15
406,15
381,15
381,15
381,15
470,76
474,15
477,05
450,15
519,25
518,15
472
432,86
498
443,65
456,93
475,15
453,15
335,15
317,23
317,23
423,15
411,1
411,1
471,15
459,75
459,75
386,45
445,15
358,46
365
487
473
466
445,05
437
424,15
417,95
397,47
375,61
486,15
505,65
487
454
456,62
524,28
547,87
519,15
411,15
466
445,15
472,15
426,75
435,14
385,15
421,15
420,15
409,15
482
407,37
472,15
482
439,96
455
471,15
475,15
391,15
362,65
385,15
391,15
361,26
385,15
459,15
435,14
489,15
438,3
533,15
479,15
468,25
461,6
470,15
502,15
500,15
471,15
413,65
455
547
541,65
503
496,15
422,95
441,98
498,15
519,25
483,15
517,15
472
536
460,85
386,35
479,15
480,15
428,15
445,05
440,15
390,15
460,15
487
433
442,15
437,15
388,15
457,65
459
455
568,53
520,48
390,15
388,15
390,15
388,15
489,73
538,65
538,24
479,15
531,15
501,15
501,15
485
525,65
592,14
555,15
487
479,15
408,15
482,15
487
454
459
455,65
415,15
421,1
482
455
451,15
456,91
530,88
518,35
549,62
535,6
534,15
529,15
540
493
443,65
487
443,65
531,15
473,73
521,07
456,62
564,15
549,62
683,15
689,65
599,15
524,65
653,35
582,27
690,66
594,74
593,12
449,65
453,85
433,65
392,65
577,2
464,15
467,65
451,15
628
480,65
479,65
483,15
462,15
419,15
393,15
418,15
772
469,15
394,15
356,15
414,15
390,15
423,65
417,15
489,42
445
339,18
439,25
466,69
378,65
426,15
556,15
530
384,15
517
493,55
516,65
431,15
402,15
371,15
377,9
489,15
494,15
490,15
403,7
399,65
477,15
411,15
476,15
471,15
505,15
435,15
400,15
476,15
409,15
428,15
477,42
478,15
469,02
422
432,75
520,48
472,66
385,89
557
557,33
442,15
495,15
406,65
421,65
498,15
488,15
371,15
483,15
537,15
493,85
450,45
483,65
492,95
550,54
543,15
376,65
294
388,35
494,3
576,95
391,05
412,7
648
329,44
444
354,75
475,26
323,9
413,55
189,35
619,15
325,84
514
414,15
350,5
611
568,15
238,65
377,15
370,23
415,15
340,75
356,75
427,15
412,65
396,15
389,94
326,45
391,65
492,15
472
472,15
438,65
448,15
429,29
428,15
448,15
317,65
528,15
453,15
655,15
425
239,72
304,85
536
508,45
457,15
502,03
426,73
615,18
653,05
449,15
553,15
493,4
674,15
494,15
220,35
403,15
330,95
697,15
740,3
210,67
607
515,16
710,75
451,9
563,15
353,24
506,65
468,15
508,15
522,4
464,15
579,24
493,05
486,65
375,2
470,15
669
487,15
477,85
596,65
452,55
487
458,15
476,15
457,65
793,15
755,15
760,15
447,15
439,19
437,75
435,15
283,46
512,19
451,65
690,15
542,15
698
554,25
438,15
378
579
581,25
421,15
503,15
726,15
720,15
633,65
326,15
364,15
285,65
173,35
331,9
429,24
269,14
341,2
269,14
257,67
311,5
422,35
378,05
270,65
215,26
268,74
272,65
390,81
452,15
456,91
399,26
420,55
523,15
438,15
569
597
379,25
499,35
520
645
481,15
500
424,15
436,35
388,15
397,65
371,61
436,15
503
553
513,65
537
635
480
418,26
391,25
623,15
625
611
583
459,65
366,97
350,55
456,46
454,13
429,76
347,95
436,42
470,93
390,75
433,65
480,57
334,65
194,7
194,67
319,15
319,37
81,7
81,7
462,65
349,79
145,09
591,61
280,71
190,05
188,58
223
641
239,12
284,05
355,15
172,05
275,35
260,05
284,9
358
462,5
379,15
404,87
232,32
308,65
264,06
334,33
332,65
234,04
332,55
427
244,8
191,74
771
390,15
714,15
411,66
327,15
424,15
413,7
462,15
447,15
425,65
439,96
333,65
366,15
245,15
402,94
372,68
403,15
377,45
393,24
363,92
317,22
397,47
359,3
498,15
534,15
648,15
610,15
436,15
596,15
413,15
636,15
478,15
623,15
453,15
582,15
388,15
330,95
567,15
551,15
517,15
390,15
383,15
336,65
496,15
536,15
656,15
617,15
423,15
603,15
394,45
644,15
474,15
631,15
450,15
587,15
361,65
305,95
571,15
554,15
517,15
363,15
366,15
294,35
431,63
477,39
660,43
591,79
362,99
568,91
340,11
637,55
408,75
614,67
385,87
546,03
317,23
271,47
523,15
500,27
454,51
294,35
317,11
316,79
441,15
523,15
558,15
669,15
632,15
465,15
618,15
444,15
657,15
505,15
645,15
485,15
604,15
422,15
365,34
590,15
574,15
541,15
410,98
410,66
465,57
465,57
469,15
445,15
452,03
398,65
582,82
353,15
356,65
276,87
445,05
447
491
300,15
371,56
342,03
458,15
438,15
426,65
398,79
310,08
458,15
469,25
390,15
368,9
339,6
447,69
446,15
426,15
456,62
396,05
317,75
466,15
438,45
444,15
426,65
395,69
465,75
444,15
465,45
612,15
361,87
380,6
468,97
577
554
607
497,15
320
470,15
377,15
460,15
425,56
442,7
252,05
252
334,65
286
286
227,15
581
285,66
275,75
475,15
512,15
621,15
586,15
391,94
387,5
573,15
353,87
433,15
431,95
434
428,9
481,15
356,12
447,15
435,65
442,15
490
407,65
513,27
610,15
451,55
598,15
424,29
416,15
559,15
314,65
322,4
501,15
405,33
403,8
317,38
240,37
456,15
544,15
529,15
494,15
449,5
486,15
271,15
446,4
484,1
467,15
488,15
447,3
516,15
543,15
517,15
472,78
553,15
499,02
506
512,35
555,06
493,65
571,04
570,75
552,54
645
660
532,25
482,45
485,45
515
678
459,9
382
394,2
393,65
438,15
407,15
384,15
513,34
380,4
425,15
422,25
521,05
441,05
520
529
558,31
627,86
604,61
561,45
180,65
289,45
493,65
295,94
370,1
504,36
414,15
553,15
613,15
525
455,15
564
432
362
467,15
382,15
396,15
400,83
243,36
343,35
577,25
343,52
333,15
282,05
312,9
477,35
403,15
369,75
364,52
366,95
669
559
529
525,95
663,16
590
736
645
632,15
676,15
541,54
360,65
399,95
427,13
307,58
375,14
498,15
472,05
458,61
567,15
490,15
482,65
365,25
431,15
328,6
455,05
409,15
447,15
520,15
550,15
646,15
517,95
529,15
462,15
435,65
490,55
504,15
518,45
487,99
480,25
656,15
614,15
471,15
602,15
452,15
381,65
636,15
504,15
625,15
486,15
590,15
429,15
385,15
577,15
564,15
536,15
221,5
303,95
610
593,86
535,15
663
571,15
545,15
621,15
566,66
498,85
503,15
512,95
455,15
441,41
593,15
444,15
538,15
412,25
682
694
520,15
445,65
489,2
461,15
450,15
341,45
393,19
357,05
473,6
399,2
489
354,55
363,4
539,15
382,9
248,31
523
478,15
411,65
556,85
253,55
469,35
462,15
310,48
464
561,15
391,15
390,5
390,5
650,86
388
382,15
386,65
389,15
339,15
367,15
363,15
300,13
399,15
280,03
367,15
508,15
673,15
544,15
652,15
407,15
310,15
663,15
617,15
445,15
603,15
418,15
354,15
339,15
537,28
641,15
488,15
629,15
464,15
590,15
395,15
575,15
683,15
560,15
526,15
642,16
591
707
625
607,15
619,16
559,65
601
580,81
537,06
500
476,15
531,46
573
575,15
537,42
609
469
363,23
521
590,65
415,98
543
471
461,45
259
418,15
254,25
257,95
513,34
493
783
655,15
301,45
641,75
680,15
503
523,15
489,47
550,15
571,85
538,15
554,36
532,35
600,76
600,86
584,06
634,15
616,93
659,15
670,15
656,15
693,15
695,15
683,15
543,15
514
539,81
184,55
448,49
391,55
409,65
473,73
405,15
405,9
392,15
426,65
450,15
523,39
453,15
436,15
350,21
372,65
351,44
486,55
394,65
365,35
417,41
285,42
417,35
366
409,15
479,15
514,65
537
569
444,01
235,45
327,46
635
460,15
439,15
480
625
440,15
417,15
460
345,45
383
354,25
333,15
351,65
385,65
326,15
386,55
407,45
427,65
308,15
390,15
472,42
500,15
520
645
481,65
459,45
505,54
611
419,25
390,75
440
372,25
343,15
337,01
391,65
354,35
553,15
345,95
597
411,15
429,15
583
542,21
553
567
308,7
441,65
371,15
351,15
453,95
281,22
289,73
409,35
536
381,15
343,75
404,95
376,62
309,08
514,15
678,15
549,15
657,15
169,47
521,35
470,45
463,65
503
394,55
472,15
481,98
481,45
499,15
424,5
283,6
328,08
390,41
329
668,15
621,15
453,85
608,15
431,15
442,15
420,67
371,15
349,15
646,15
495,15
416,75
634,15
475,15
595,15
407,15
353,45
580,15
688,15
565,15
532,15
416
592,15
655,95
570,44
84,95
128,4
357,88
191,09
254,05
493
544,15
373,71
563,15
304,5
434,85
443,15
474,15
477,15
456,15
185
348,45
459,5
359,7
595,54
562,69
559,15
561
714
532,15
443
323,55
478,15
323,35
629,65
670,15
668,15
702,15
693,15
598,15
575,3
622,15
635,75
599,15
616,15
662,15
664,15
650,15
256,79
371,58
615,25
457,65
496,15
465,55
498,25
451,25
534,15
450,09
687
518,35
483,15
717
430,05
519,25
518,06
497,3
339,95
486,15
582,55
512,15
458
559,94
584,15
560,01
609,15
624,15
601,15
652,16
637,16
344,64
571,16
245,88
353,41
194,95
243,55
536,6
408,26
440
399,15
373,67
528,15
473
411,15
401,45
341,88
444,73
436,75
478,85
489,73
489,73
444,65
479,15
428,65
534,15
519,15
489,73
425,81
399,25
499,45
463,15
405,85
499,26
497,86
476,26
494,15
386,65
679
206,45
188,15
299,15
298,85
343,85
292,67
237,55
423,35
231,15
212,8
271,15
467
383
588
451,12
455,77
526,15
457,56
277,95
461,6
491,16
376,15
628
542,21
261,43
380,81
266,25
453,15
441,65
445,15
389,8
410
430,05
395,76
371,22
481,15
491,4
427,05
420,65
379,15
383,15
361,64
428,15
452,15
409,75
356,15
340,88
445,94
444,45
421,1
337,25
427,65
376,76
470,15
493
459,15
441,65
415,15
397,25
498,65
467,15
473,73
432,65
469,65
488,35
562
753
549
623,1
307,21
367,15
415,15
361,65
383,15
355,41
404,15
542,21
341,25
393,85
371,2
360,35
325,71
398,15
489,73
436,35
481,15
383,15
588
328,65
378,66
304,92
427,91
399,58
331,47
635,98
516,37
367,9
601
223,34
490
457
530
451,15
615
456,85
501,65
498
508,75
487
435,45
475,43
448,23
491,15
446,23
454,29
363,66
476,33
620
575,5
472,65
487,15
491,57
463,2
484,15
434,48
388,15
444,75
468,25
579
505
560
648,15
557,15
476,52
412,27
565
475,15
492
580
491,5
595,15
577,15
627,15
402,95
437,89
452
430,45
389,15
570,25
341,15
434,15
363,45
111,66
434,65
554
478,26
393,15
356,15
361,15
364,15
374,25
356,15
409,15
412,15
447,69
363,15
388,55
385,15
447,69
409,65
447,69
363,15
330,09
444,85
353,35
337,85
472,65
276,71
375,9
343,31
396,58
248,93
402,97
344
281,85
391,15
447,69
478,24
505
520
314,7
540
553
280,5
352,79
339,8
194,82
304,9
625
447,15
461,7
611
422,65
440
315,58
365,45
331,7
312
332,16
389,65
371,15
303,92
367,55
357,9
417,95
279,11
373,45
645
486,65
500
635
466,05
480
617
597
400,55
372
401,16
466,15
352,6
450,31
312,2
375,46
483,69
368,69
493,9
332,15
216,25
328,35
359,45
583
394,15
447,69
435,22
424,15
435,22
339,55
569
523,39
537
278,65
383,62
386,41
386,41
383,62
386,41
381,15
364,25
336,15
351,65
346,15
249,94
315
266,82
536,65
303,45
374,08
440,65
345,93
473
344,96
273,88
499,35
339,15
385,15
591,95
387,25
665,15
534,15
643,15
431,15
376,15
383,15
309,15
390,15
380,15
364,65
364,65
536,15
654,15
607,15
438,15
594,15
415,15
350,15
323,55
515,15
632,15
480,15
390,15
620,15
459,85
580,15
349,15
390,55
386
418,15
442,65
684,15
566,15
675,15
550,15
517,15
393,94
307,15
532,15
444,15
401,15
405
473,73
481,98
716,15
491,14
631
528,15
475,65
427,81
401,15
315,65
502,15
356,15
121,38
623
483,95
387,22
77,34
294,15
306,15
294,31
344,15
144,09
275,15
374,35
267,77
213,25
184,67
623,15
603,05
647,15
659,15
643,15
683,15
685,15
673,15
423,97
497,55
528,75
497,1
535,15
487
492,95
532,18
475,35
555,2
554,66
535,26
590,76
486,71
454,85
481,99
560,15
519
447,53
432,3
464,15
451,33
498,15
453,57
456,61
364,66
592
482,65
477,67
460,44
483,15
438,33
388,15
430,15
442,96
467,35
558
546,15
495,64
530,15
609,15
532
473,49
417,58
398,05
398
583,6
610,15
589,86
635,15
648,35
630,15
673,15
675,15
662,15
270,36
267,17
300,15
236,4
448,15
425,7
398,83
376,22
478,35
512,85
484,45
468,15
517,15
471,95
472,19
534,75
501,15
452,75
537,55
536,76
516,86
408,15
569
342,65
90,19
161,85
633
610
627,15
674,85
454
457,5
503,65
411,85
515,15
493,11
435,65
475,13
608,15
450,28
491,65
447,21
456,94
362
483,65
616
588
571,5
490,65
491,14
465,45
484,15
435,16
389,76
559,15
583,15
515
532
517,85
445,93
468,05
609,15
511,65
528
540
655,15
535,65
485,25
558
563,6
477,15
548,15
473,57
411,51
616
397,15
336,15
549,15
433,03
411,05
675,05
712,15
570,15
543,83
595,15
612,05
586,15
639,15
640,16
625
550,16
225,04
281,15
504,55
540,15
376,15
461,15
458,95
403,15
421,15
458,15
406,6
518,55
499,15
399,79
533,35
476,85
441,9
377,65
478,61
476,87
453,76
385
226,49
278,74
261,15
280,15
383,15
610,03
443,15
454,99
477
516,65
439,43
442,29
528,15
516,65
280,71
185,41
335,65
446,15
349,25
280,25
787,15
704,15
553,65
378,65
433
398,15
446,1
465,15
598
557,65
623,1
419,15
231,11
414,32
386,75
331
431,65
321,15
440,15
370,5
429,05
374,65
392,15
370,35
504,15
415,85
431
542,21
553
583
353,97
645
481,15
500
635
460,15
480
408,65
356,65
372,15
353,15
340,87
414
537
499,55
520
625
440,65
460
493,15
395,65
611
597
569
338,15
321
432,39
429,9
404,11
342,3
225,46
514,85
425,15
438
393,25
418,95
334
371,45
389,15
667,95
481,15
388,41
396,9
518,65
403
359,72
438,15
510,31
549,65
633,15
500,15
447,65
485
388
469,65
529
372,7
385,15
404,15
425,15
425,15
366,55
385
358,13
332,25
333,85
447,65
406,15
354,15
336,15
446,48
452,45
427,5
420,65
415,15
473,15
588,15
227,35
450,15
464,55
358,75
161
308,55
203,15
339,15
332,65
281,45
241,15
195,35
423,15
318,55
275,55
242,75
175,15
382,15
305
285,4
178,15
330
187,15
312,19
221,35
478,15
387,3
637,5
255,15
778
579,65
418,31
591
536,58
568,6
540,15
751
560,45
717,82
332,75
263,13
209,25
410,15
232,7
317,9
610
342,55
405,5
234,25
660,15
460
417,15
473,15
355,57
399,85
369,15
447,69
409,15
355,95
439,93
364,65
337,37
414,55
348,15
463,15
317,55
442,3
444,65
418
473,73
515,65
390,55
469,15
428,65
413,15
554,65
397,15
375,15
291,15
394,4
506,54
664,45
702,15
532,9
556,15
526,73
581,15
599,35
562,15
564,45
627,16
612,16
473,15
602,7
548,95
426,56
279,5
197,51
198,95
338
450,8
403,15
394,27
518,15
299,8
398,85
398,85
760
743
380,55
368,12
512,15
541,15
634,15
644,15
603,15
446,7
592,15
414,9
624,15
493,15
614,15
471,15
580,15
568,15
555,15
527,15
360,16
493
413,15
348,75
348,75
229,35
357,31
539,81
409
383,78
524,15
522
471,83
467,85
429,55
320,85
350,15
245,15
396,58
365,02
385,15
397,61
364,88
315,17
547
392,51
367,85
498,15
534,15
648,15
610,15
436,15
596,15
413,15
636,15
478,15
623,15
453,15
582,15
388,15
336,35
567,15
551,15
517,15
390,15
383,15
463,05
341,25
496,15
536,15
656,15
617,15
423,15
603,15
394,45
644,15
474,15
631,15
450,15
587,15
361,65
310,55
571,15
554,15
517,15
363,15
366,15
294,35
431,63
477,39
660,43
591,79
362,99
568,91
340,11
637,55
408,75
614,67
385,87
546,03
317,23
271,47
523,15
500,27
454,51
294,35
317,11
316,79
400,65
523,15
558,15
669,15
632,15
465,15
618,15
444,15
657,15
505,15
645,15
485,15
604,15
422,15
365,34
590,15
574,15
541,15
410,98
410,66
474,15
443,75
451,41
453,7
375,15
582,82
355,05
274,03
459,15
458,15
446
491
592
300,15
371,1
341,02
471,65
440,15
440,65
423,15
417,65
398,15
537
309,49
473,15
465,65
668
368,82
340,24
447,15
424,65
420,65
396,45
325,35
466,15
444,15
425,15
395,41
466,15
444,15
465,15
523,15
573,15
375,37
394,38
460,46
555
579,65
506,65
487,15
370,85
470,78
391,15
486,4
360,1
371,05
296,97
474,95
363,85
653,35
691,15
461
508,62
566,15
585,25
577,24
553,15
614,43
614,66
598,56
467,15
488,15
361,92
490,7
561,5
489,15
529,15
522,15
539,65
447,15
344,95
221,01
247,15
383,65
603,15
537,15
464,65
668,72
508,15
663
357,5
400,27
445
488,15
470,35
279,85
276,02
330,75
328,95
639,15
387,65
516,15
669
632,15
650,15
429,65
505,15
326,05
321,85
290,25
506,15
469,08
533,15
557,35
518,15
520
531,48
577,94
514,75
586,4
586,26
568,76
329,65
465
414,45
400
425
558
377,65
345,65
288,95
389,85
259,25
200,95
320
329,15
383,35
368,15
442,15
391,67
278,25
401
373,15
413,15
633,15
604,15
704,15	