2.92
3.53
2.59
6.75
4.57
4.81
3.6
3.03
2.72
3.94
4.39
6.3
5.42
4.95
5.26
2.72
8.41
3.67
5
2.53
5.7
4.06
2.39
1.88
5.37
2.01
5
6.42
2.18
2.41
5.93
3.1
3.22
2.39
2.94
3.67
3.13
5.7
3.67
3.67
5.93
3.9
3.78
2.56
5.93
4.35
1.67
3.46
5.1
4.39
5.75
9.21
3.35
2.75
7.1
3.53
3.13
4.1
3.25
4.66
5.7
2.16
5.7
5.42
4.66
7.03
3.29
3.29
3.97
3.49
2.39
3.94
5
4.62
5.81
7.46
6.36
1.62
4.53
3.9
2.75
4.01
3.39
3.86
1.72
2.51
3.82
4.81
1.88
2.66
4.01
1.88
8.33
2.66
3.6
4.26
4.14
7.85
4.48
5.42
2.92
4.66
3.22
4.57
4.22
3.71
2.61
3.82
6.3
5.05
3.29
5.1
4.31
6.82
5.93
4.95
4.26
3.49
2.39
5.58
4.22
2.48
9.78
3.86
8.25
3.9
5.99
2.94
5.26
4.62
3.06
4.44
1.72
4.48
2.69
4.66
5.16
3.63
1.48
6.82
5.16
4.66
8
2.36
4.53
5.05
2.72
5.1
4.57
7.1
2.92
2.56
6.17
6.62
4.06
3.6
5.37
3.19
3.19
9.58
4.01
5.58
6.96
1.73
4.26
3.49
9.49
3.56
5.81
1.88
5.42
5.7
2.23
2.64
3.78
4.48
4.85
2.92
5
1.42
3
3.82
2.72
6.05
3.78
5.37
3.49
3.32
5.05
4.1
3.86
1.13
6.69
3.9
5.99
3.13
9.87
2.27
4.48
7.54