647
638
647
656,59
638
697,15
851,65
697,15
697,15
851,65
783
666
712,89
851,65
738,32
697,15
851,65
851,65
712,96
682,53
658
647
714
681,41
662,93
697,15
841,84
697,15
538,22
642,41
616,98
656,59
501,13
631
569
571,82
631
626,41
538,22
587,2
600,92
562,34
503,5
601,45
601,45
565,35
629
581,8
631
626,41
569
571,82
626,41
538,22
629
587,2
581,8
569
640,04
586,97
600,92
562,34
503,5
562,34
525,16
501,13
664,65
601,45
601,45
642,41
565,35
562,34
645
764
699
590,48
661
647
656,59
630
840
657,5
731
401,21
380,11
412,38
403,84
800,13
788,99
552
598,6
624
646,86
374,18
414,81
972,04
992,1
406,85
427,16
797,25
654,78
457,1
983,52
731,86
723,31
786,93
804,01
874,1
698,32
847,65
756,89
838,47
746,32
864,19
777,84
856,21
767,84
829,92
736,13
710,72
821,99
813,37
795,21
483
530,7
565
631,61
614,26
724,19
751,55
841,03
545
808,7
676,24
798,28
657,17
830,05
710,31
819,7
693,91
787,14
635,09
585,43
775,24
763,82
738,37
432,9
425,8
600,1
638,2
743,4
345,88
710,6
527,9
698,2
498,2
733,2
578,4
722,3
554,5
684,8
464,5
392
670,4
654,9
620
874,42
867,15
961,43
996,02
838,1
912,73
897,23
944,8
928,58
882,04
852,51
1032,58
1014,03
978,49
417,09
447,44
824
766,37
551
598
645
654,51
391,8
457,26
963,61
992,1
609,38
827
392
441,38
798,18
677,77
449,44
978,29
758,11
725,15
709,9
718,16
487,25
530
559,78
552,93
635,65
628,34
602
619,96
432,9
429,75
429,8
404,56
874,42
863,14
825,88
848,18
624,87
584,65
504,34
813,01
661,02
449,44
978,29
586,82
667
723,92
723,92
718
620,86
628,34
635,01
429,75
429,75
401,66
863,14
863,14
841,02
612,06
571,3
718,77
623,15
426,87
856,37
609,63
609,74
597,88
597,88
597,88
602,33
585,42
673
665,55
659,19
635,76
659,19
646,82
741,82
868,14
766,37
847,57
628
858,13
818,59
700,05
808,08
684,21
837,69
729,44
828,45
716,02
901,35
798,14
665,55
624,11
889,11
787,47
878,87
777,32
754,56
418,55
481,32
488,39
478,85
515,98
633,42
640
473,24
640
595,96
576,09
633,09
600,06
584,34
704,32
846,62
733,47
825,11
523
482
835,53
792,59
654,02
782,08
633,09
814,08
688,79
803,67
672,06
770,83
610,24
560
577
758,8
857,18
745,93
720,08
768,14
812,16
825,63
762,12
790,2
856,76
783,63
805,09
797,35
848,27
776,31
766,86
840,47
833,34
818,57
643
624,67
467,07
463,41
465,72
463,41
463,3
622
766,65
656,9
754
386,44
302,8
756,52
723,6
556,1
712,1
529
744,5
602,2
734,4
580,3
699,8
498,4
430
686,6
778,63
672,3
640,2
759,04
750,13
732,32
750,13
726,41
836,2
874,36
723,89
976,52
780,77
955,15
762,6
817,53
998,46
799,06
934,29
744,5
708,27
913,9
893,94
855,13
607,98
602,06
618
514,04
591,15
547
464,97
657,2
603
570
589
526
790,85
843,78
856,93
817,04
881,36
803,6
835,6
828,02
875,43
797,63
796,49
868,99
863,24
850,03
778,3
822
832,8
775
791,64
802,7
850,1
794,4
816,5
810
846,7
786,4
774,3
842,2
838
827,9
747
741,82
704,32
836,2
754,56
766,37
733,47
777,32
787,47
808,08
818,59
855,38
782,3
662,36
453,25
983,52
609,74
609,74
727,5
709,19
529
663,82
611,68
429,82
404,58
867,15
852,51
772,88
708,2
760,47
749,21
737,62
737,62
737,62
737,62
737,62
737,62
737,62
749,21
737,62
737,62
737,62
737,62
737,62
737,62
737,62
760,47
721,7
737,62
780,71
721,7
720
693
642
810,54
761,15
708
679
810,54
830
736,76
730,78
743,76
635,09
659,52
737
737
734
656,99
652
684,37
683
429,75
401,66
867,15
863,14
841,02
699,56
693,04
664,5
621,31
602,71
726
783,95
759,69
706,85
754,52
676
810,54
810,54
810,54
754,52
717,58
737
725
652,82
684
426,87
856,37
741
694,17
689,07
697,15
689,07
649,1
621,31
782,54
810,54
810,54
737
808,25
779,72
810,54
779,72
776,9
786,77
673
642
452
680
684,21
665,93
644,38
684,21
659,19
659,28
650,15
700,05
684,21
729,44
716,02
671,42
634,11
487,8
418,85
461,6
495,15
497
487,57
538,33
640
615,95
584,32
620,02
654,02
737
758
600
561,6
505,67
654,02
449
633,09
620,88
572
568,62
577
762,12
766,86
812,35
463,73
472,94
463,41
487,3
445
513,8
443,3
776,37
791,27
752,99
735,41
750,13
726,41
749,91
744,5
780,49
697,15
536,15
679,93
686,65
811,44
678,79
684,1
811,44
597,51
621,08
556,47
579,44
775,34
576
608
573
593
527,4
796,49
778,3
780
781,16
849,99
526
663
526
831,78
500
587
587
626
663
482,25
873,91
684,47
633,65
429,82
867,15
621,31
642,55
810,54
593,9
754,52
1017
718
678
741
688,22
786,07
846
810,54
807,6
779,72
779,72
808,25
786,77
657,5
612,33
676
558
645
712,89
637,67
686,65
724,93
661,07
659,19
672,32
661,07
672,32
680,24
669,94
640
629,69
635,09
597,58
640
617,7
622,78
616,35
633
627,97
737
618
614,09
632,7
603
577
776,31
768,14
768,14
766,86
660
610,99
463,73
426,87
460,3
463,41
506,9
463,73
502,38
521,18
480,87
801,7
809,15
834,47
752,99
856,37
744,5
750,13
726,41
752,99
726,41
744,5
766,97
674,78
682,26
674,93
783,2
680,84
811,44
668,35
785
674,65
811,44
708
597,51
604,64
556,47
558,34
773,76
590
790,85
796,49
778,3
778,3
786,4
797,05
845
863,48
526,51
845,25
492,61
608
724
520
810,54
786,77
810,54
776,9
739
612,33
569
889
645
708
684,21
654,58
699,44
684,21
716,02
694,92
640
617,7
640
646
641
643,04
768,14
812,35
460,3
524,74
530,03
828,51
744,5
720,71
744,5
670,78
796
677,57
811,44
811,44
597,51
606
560,17
776,78
587
778,3
697,15
889,23
510
870,97
479
707,09
697,05
602,71
745
645
663
684,21
700,05
684,21
716,02
722,02
654,02
668
776,31
554,4
739,07
818
647,47
606
573,63
773,47
786,4
507
637,67
779,72
684,21
633,09
812,35
762,6
795,4
610,68
770,6
700,05
654,02
812,35
770,6
716,02
672,06
799,06
792
729,44
688,79
613,22
602,95
629,26
591,57
520,06
621,87
582,61
592,68
602,95
626,3
583,36
510,4
621,87
582,21
622,31
616,85
621,75
614,43
611,51
614,43
525,83
485,69
617,12
605,02
621,75
611,51
599,81
599,81
514,27
526,7
514,53
587,41
615,97
572,46
617,44
571,1
592,68
611,86
613,51
616,85
601,27
604,2
611,51
513,5
471,88
617,12
605,02
610,05
678,78
611,51
509,64
526,7
514,53
562
549
707
786
860
626,41
569,55
552,72
571,82
592,91
571,82
580,19
614
598,02
580,19
575,91
638
586,22
526,38
750,56
601,65
616,11
568,74
683,71
626,3
565,96
602,84
602,84
590,01
612,15
559,14
586,22
606,7
582,88
589,86
618,02
616,55
581,68
597,03
581,68
597,03
577
698,43
837,39
726,55
816,19
826,47
784,07
651
773,66
623,86
824
805,31
682,65
795,03
665,09
869,43
762,51
564,76
544
858,84
750,56
847,76
739,06
713,07
419,59
756,75
626,53
792
400
428,95
410,29
428,68
435,18
525
458,07
613,52
583,61
492,64
583,68
583,61
586,34
813,77
710
532,24
587,51
511
561,69
532,31
561,69
580,52
575,95
578,68
528
561,69
583,68
710
583,61
561,69
583,57
621,08
591,93
710
640,48
586,04
553,11
577,85
554,5
579,36
537
679,88
821,75
711,02
800,64
810,87
773,57
621,08
762,66
596,19
785
792,26
661,88
783,25
642,41
750,73
503,15
843,04
738,54
832,05
724,59
696,43
687,3
617
814,16
718,6
859
619,85
637,67
790,73
793,12
724
719,4
657,6
739,92
854,65
668,16
814,57
809
771
769,79
693,48
679,34
582
762,49
737,79
678,03
666
621,31
676,56
665,63
673,72
672,21
679,41
735,44
755,34
617,68
578,4
776
577
610
579
597
514,83
529,46
501,01
475,39
482,63
482,63
522,41
444,56
517,29
482,63
529,76
525,35
479,34
479,34
460,7
623,1
783,55
658,6
756,8
772,53
726,2
555,8
714,6
528,1
747,3
602,9
737,1
580,5
702,1
422
688,7
795,19
674,2
641,6
779,35
782,42
786,01
780
736
736,21
616,8
632,6
537,3
788,41
680,78
811,44
559
774,68
770
722
775,66
724,26
610,3
504
779
665,48
813
516
596
594,3
614,19
619,72
608,34
628,8
628,8
610,59
563,95
607,49
628,8
618,9
617,65
630,09
624,39
630,09
624,39
621
700,35
858,41
730,57
833,96
846,44
796,86
646,56
783,25
667
820,94
683,84
808,59
665,98
899
771,45
593
885,88
758,94
872,37
744,41
715,99
772,68
808,25
769,66
582
640
563,33
633,38
582
507,94
626,05
667
618,03
680,84
678,57
714
681,55
683,96
647,11
682,45
683,67
615,67
775,02
671,35
667
610,99
691,81
662
667
812,35
671,35
687,73
676,58
672,46
714
665,71
670
679,41
619,87
585,27
770,78
668,49
667
817,54
654
667
668,49
671,48
667,16
682,25
772,19
671,35
667
817,54
656
667
672,78
676,56
626
766,55
770,78
817,54
767,96
773,88
773,61
722,13
632,03
597,34
518,53
619,02
620,88
620,1
586,99
610,2
614,2
624,52
752,51
625,55
587,14
505,8
608,73
611,82
624,52
586,99
610,2
614,2
620,1
740,84
775,8
579
610
574
597
534,9
686
590,94
542
703
778,59
772
657,2
638,11
643,56
633,09
634,51
609
642,23
634,51
634,51
623
716,97
740,64
821,1
792,11
675,3
782
659,32
810,4
703,7
801,56
690,75
772,46
605
762,2
751,18
729,26
805,29
799
760
758,94
658
670,7
629,65
594
805,45
707,91
849
598,05
795,36
790
748
747,33
638,9
652,5
567
797,31
694,89
821,26
585
825,22
764,77
759
708
767,17
711,41
464,8
520
503
767,6
647,47
803
481,2
667,65
673,65
678
676,37
668
818
865
849
800
711
656,71
573
745,97
602,71
782
818,49
567
697,15
781,33
814,11
815,11
753,8
747
692
757,98
689,9
802,72
804,42
724
742,13
734
675
749,34
684,11
710
703,6
639
729,7
846,34
650,99
766,51
699,36
860,93
736,2
810
810
734
792,88
790,1
792,88
794,27
791,49
790,1
792,88
749
761,6
720
691,43
672,56
662,99
660,06
648,89
643,8
661,75
651,69
629,72
650,3
616,52
661,46
568
638,82
623
655,89
607,5
672,82
688,61
637,91
662,85
651,73
627,3
650,35
647,63
630,42
639,31
665,64
651,73
627,63
670,01
612,5
671,22
629,04
620,4
645,03
592,6
641,93
623,34
640,42
651,69
692,84
643,47
626,24
601,3
640,89
639,14
620,64
643,65
643,65
635,09
874,42
596,85
611,49
655,89
638,82
616,23
607,47
661,46
587,7
642,27
629,04
640,89
531,17
611,7
588
648,03
629,17
563,5
569,72
654,48
637,53
692
639,98
660,06
643,21
624,93
655,97
602,64
624,72
610,2
644,8
574,6
640,53
635,15
642,08
655,88
619,24
598,5
634
656,77
629,3
609,72
631,25
630,97
680
662
603,02
668,43
626,28
640,89
627,64
598,56
640,7
624,78
582,81
624
647,57
636
609,52
634
594,5
573,5
635,7
618,73
543,8
640,53
632,16
597,94
619,08
616,98
581,4
633,71
619,24
638,14
631,25
638,14
620,64
586,38
628,22
632,63
615,04
607,56
628,22
640,64
598
569,8
635,7
618,03
614,86
635,1
639,52
638,14
618,25
624,36
607,56
634
593,4
634,33
622,21
635,1
641,18
616,64
641,18
666,02
636,75
661,45
607,05
456,94
633,09
633,42
578,17
654,02
633,09
601,15
539,46
766,86
605,76
467,07
466,65
499,35
428,96
759,04
735,41
752,99
709,92
655,89
630,45
637,67
636,35
589
623
605,29
636,2
587,65
570
550
651,51
638,14
576,61
620,7
608,69
624,99
642,55
590
607,23
586,35
624
638,14
623,44
620,48
642,22
567,71
580,9
654,48
588
655,89
614,44
613,86
630,23
602,05
627,12
615,36
626,12
619,43
632,97
638,44
559,69
552,92
558,82
489
588,3
653
645,65
679,98
746,87
576,7
734,97
549,8
626,62
759,27
602
713
521
722,25
520,5
525,74
565,78
632
607
575
593
517,1
708,68
563,41
657,02
623,18
574,84
694,17
663,4
788,27
781,7
672,82
664,25
653,15
655,95
640,29
649,01
620,23
671,22
637,45
633,1
653,29
607,5
660,06
644,85
651,79
629,04
610,1
643,65
627,64
646,41
646,41
721,95
633,36
432,9
601,01
531
613,33
565,71
568,02
598,76
650,54
638,85
643,65
617,5
596
650,77
633,34
573,5
655,95
642,08
624,93
620,23
671,22
639,77
631,84
626,6
646,41
651,79
645,08
657,33
690
629,22
613,2
643,97
757,92
690
622,26
641,23
743,7
639,86
619,59
557,76
630,85
592,43
574,12
656,05
644,45
594,3
661,49
647,34
591,06
649,16
634,64
643,97
613,7
594,5
644,34
626,67
566,4
739,96
653
654,54
640,92
623,44
645,03
623,65
641,23
740,86
634,39
648,47
629,04
594,3
647,63
642,6
626,44
638,19
643,65
612,8
579,2
638,89
622,52
737,64
653
656,26
642,27
810,54
642,6
737
646,41
618,25
634,39
638,5
604,1
775,49
641,61
626,67
739,74
653
645,7
625,29
644,34
612,33
684,21
668,37
657,46
700,05
684,21
668,68
640
647
633,42
599
633,09
672,06
614,06
578
710
812,35
719,7
467,07
487,02
491
749,21
749,21
524
759,04
732,32
750,13
743,84
636,35
526
636,35
599
581,8
501
603,81
561
599,26
532,72
597,11
805
695,12
615
564,4
528
609,23
612,62
593,62
591,82
577,66
571,87
553,47
628,77
657,43
627,54
630,56
650,77
606,8
602,05
589,22
653,29
634,64
614,17
573,26
657,43
625,29
640,25
725,91
637,13
636,16
623,9
636,16
725,91
642,97
725,91
567,08
567,08
695,58
802
567,64
500
582,4
661
648,85
686,04
559,41
754,89
589,6
742,82
563,5
777,78
631,11
767,45
613
729,97
537,3
655,4
774,45
679,34
716,26
563,4
635,3
730,98
701,64
669,37
796,49
523,91
497
722,95
788,2
654,48
637,55
626,24
639,52
612,24
631,25
629,87
606,71
550
634,35
579,96
555
643,65
631,84
601,27
644,85
640,89
600,3
581
634,33
618,03
564,74
629,04
640,89
639,86
629,32
630,85
642,6
645,03
607,56
647,78
705,58
606,9
637,53
621,14
737,64
653
634
622,25
635,76
616,98
631,25
607,76
705,58
590,3
633,44
618,37
716,46
653
828
636,16
614,22
632,08
755,67
738,5
738,5
765
673,87
654,02
646
737
628,96
705
714,21
491
750,13
743,84
811,44
605,36
561,06
592,4
587,2
528,74
697,15
604,17
621,29
620,9
612,62
578,98
562,1
644,39
565,35
563,54
533,21
651,92
647,25
651,92
664,26
610,61
625,29
640,25
591
733,03
588,35
626,57
637,13
623,65
614,4
568,11
576
610,43
614,24
616,64
635,7
598,55
640,89
616,49
632,97
621,14
634,8
733,24
633,44
711,89
559,76
557,71
695,58
792,44
640,72
668,89
560,17
730,99
576,8
720,01
553,5
620,12
742,46
600
708,24
519,8
647
776,4
695,62
564,54
634
718,58
683,39
653,35
814
835
526,51
707,65
643,65
634,35
638,14
598,36
640,89
602,9
634,33
619,43
646,41
622,45
638,89
623,9
636,16
633,44
684,21
684,21
672,06
633,09
710
712,57
542
743,84
567
610,77
561,65
597
810
612,62
581,44
564,45
638,14
634,39
621,14
811,44
636,16
711,68
587
624
634,39
616,7
619,75
633,44
711,68
633,02
613,56
630,72
627,77
638,44
640,25
711,68
550,28
550,28
695,58
792,44
638,02
557,13
581,1
550
621,49
603
644,2
775,1
556,78
627,8
714,1
814
707,05
748,87
863
634,33
624,99
642,97
712,9
823,23
765
724
765
688,79
737
710
678
807
699,96
808,25
743,84
669
635,71
598,01
616,98
621,14
640,25
711,68
600,27
629,65
621,49
635,48
612,84
630,72
713,32
603
624,8
613,56
623,36
637,53
645,29
695,58
768,1
638,02
593,62
579
777
621,49
606
623,75
773,81
679,34
730,98
644,39
770
755,67
701,25
643,92
644,39
638,89
617,73
630,72
613,56
643,43
778
622,87
604
774,45
696,85
732,87
646,14
626,99
751,67
646,14
641,36
607,56
537,89
641,36
607,56
641,36
639,17
641,36
641,36
607,56
537,89
641,36
607,56
641,36
638,36
641,36
751
656
646
630
600
713
765
681
626,41
571,82
641
681
626,41
761
626,41
681
571,82
548
631
556,88
715
571,82
555,56
557,1
626,41
626,41
596,83
626,41
681
557,83
601,45
571,82
699
584,76
601,45
631
548,16
683,71
576,34
510,32
595,92
568,74
581,23
595,92
541,05
586,22
609,3
570,77
598,09
587,23
594,59
597,83
557,88
584,62
571,87
584,62
567
561,05
698,43
726,55
651
612
665,09
585,36
532
503,5
553
569
425,43
573
682,45
633,9
641,2
708,63
712,9
751
764,18
780,96
734
713,69
395,65
430
477,91
400,55
515,18
613,52
583,61
640,48
547,93
478
621,08
581,14
621,08
642,41
621,08
642,41
532,24
642,41
621,08
575,46
507
640,48
561,69
579,63
555,9
563,35
563,86
572,99
621,08
642,41
530,28
556,15
523,73
556,15
520,6
522,7
585
621,08
584,57
785
661,88
642,41
489
690
673,2
629
656,59
816,73
843,81
650,86
592
681
720
704,8
687,46
862,23
686,26
803
791,2
773,72
786,42
679,34
680,23
582
546
569
607,3
655
730,87
531,56
580
511
625,91
640,6
569
631,54
598,5
543
609,4
636
680
703
653
705,58
653
739,79
726,73
671
663
716,72
777,4
568,76
602,56
618
785,23
557,25
703
607
673,2
642,4
655
665,09
665,98
642,41
601,45
771
680
636,2
775,1
580,07
646,42
659,28
594,72
623,6
462,01
469,43
396,62
508,31
523,26
446,83
517,4
472,95
486,02
519
519
482,63
482,63
458,55
528,59
415,68
772
777
764,4
745,97
753,8
565,35
632
608,32
587,2
611,4
537,61
793,72
814,1
581,9
768
754,2
736,51
742,19
559,92
607
585,9
581,8
587,61
506,59
757,6
784,07
776
803,49
755,67
549
664
639
662
624,36
614,94
597,58
597,98
597,98
587,9
608,43
619,84
633,35
597,44
599,13
608,34
628,8
608,34
628,8
563,37
572,4
646,56
611,98
665,98
578
818,49
733
568
582
639,93
563,69
765
705,58
770,24
714,75
653
640,96
629
741
566
564
780
718,95
787,73
617,54
793,78
612,33
611,21
804
526,51
697
493,39
535,2
535,2
591
583,5
575,4
562,34
465
492
672
637,68
673,88
770,78
745,42
602,93
600,92
567
732,59
595
587,2
538
817,54
768,75
648,77
616
757,46
627,23
593
757,6
718,92
604,4
505
618
720,46
558,21
812,35
704,33
690,08
712,9
656,53
600,61
534,09
670,5
663
566
470
593,16
611,53
583,83
575,22
573,58
546,77
643,93
604,24
615
559,5
605
514
558,21
652,14
638,91
637,53
625,29
637,53
676
605,16
559,31
607,43
588,68
570,68
619,35
615,65
648,03
591,68
776,44
642,08
625,61
726,44
645,99
595,37
600,92
624
564,74
573,21
587,2
583,8
561,44
620,04
609,6
624,32
638,89
785,78
633,8
656,59
616,98
609,21
629,65
564,4
618
733,95
598,65
585
736,2
712,65
712,9
639,81
629,17
634,8
655
605,43
630,72
772,19
638,02
617,37
727,31
593,34
624
615,61
630,72
785,78
634,39
609,21
593,62
614,62
628,54
734,16
631,25
736,2
645,29
650,65
766,55
635,31
620,12
727,45
647
690
632,08
732,26
634,39
656,59
628,54
733,95
712,9
766,56
638,02
625,61
707,55
746,4
733,95
766,56
643,43
766,55
775,28
705,58
721,27
560,58
533,58
713,14
560,58
533,44
701,48
694
691
697
790,07
543,73
542,02
585,8
643
589
620
577
609
542,6
643
635
622
631,76
784,15
668,02
746,59
676
527
739,33
559,64
692
650,6
726,23
593
530,4
666
680
711
761
763,21
610
751,64
640
582,8
694
713,05
569,05
497,7
605,44
661
621
610
769
698,98
537
660,59
637
561,1
609
814,95
684,08
685
650,71
661
642,93
643,67
592
634,21
634,96
634,74
835
615
610
639
690,75
594
795
782,8
766,51
775,87
672
649,6
614,43
652,5
809,34
834,22
630,31
583
787
773,9
758,47
764,58
601,45
653
648
629,6
600,92
632,7
665,98
791,6
802,56
799
825,21
607,45
738
757
743,2
723,72
729,7
580
467,08
774,92
797,48
519
685
676,93
660
665,6
725,28
684
663,62
640,92
643,4
612,65
607,5
566,22
726
752,45
705,58
772,44
614
692
716,37
653
649,23
802
751
762,67
690
818,49
720,28
755,67
755,67
755,67
751
751
751
690
783,88
725,38
746
731,4
712,65
716,27
790
734
718,6
707,26
701,82
706
689,7
696,85
678,01
852,71
669,5
788,71
792,88
794,27
788,71
658,75
796,1
378,59
668,43
620,44
644,46
646,7
658,66
672,62
636,04
649,16
646,41
656,25
606,5
561,62
602,05
662,82
652,92
650,54
622,1
602,3
650,77
633,34
624,72
638,82
651,73
642,27
627,43
647,78
658,66
609,5
634,33
622,21
641,61
607,56
645,29
626,38
641,18
656,98
640
608,66
577
639,9
620,7
636,16
627,8
651,09
610,05
500,25
752,99
634,56
587,6
480
491,15
616,63
555,62
604,2
527,74
528,91
566,4
581,8
564
609,23
568,22
591,48
624
582,97
589,07
570
632
669,75
677,2
630,56
645,29
604,74
643,65
660,54
642,55
623,6
635,7
642,55
592,33
558,82
598,54
599,77
559,35
648,37
588,85
562
629,38
612,1
536,4
573,9
657,02
623,18
808,3
641,12
641,65
653,29
645,03
624,94
606,5
560,14
592,43
564,74
662,82
597,8
654,67
573,25
573,25
620,9
648,03
631,95
631,67
647,78
646,71
654,67
658,81
612,8
644,34
628,05
761,43
640,25
625,29
644,34
700,05
684,21
589
800
733
710
622,87
618,8
639,37
780,8
599
743,84
613,27
563,01
600,63
528,31
539,46
733,03
603,29
624
587,7
586,69
597,54
669,75
810
637,52
648,03
580,75
610,96
631,95
649,4
653,29
616,49
645,29
629,43
641,61
733,24
641,61
733,03
570,01
542,11
578
570,01
545,47
578
695,58
801,2
647,49
535,1
591,9
568,8
629,74
614
537,61
683,8
765,83
679,34
581,14
640,4
730,98
842
729,95
627,63
629,12
597,6
640
703
678,7
635,7
616,64
640,25
637,53
690
765
755,67
741
710
621,49
636,66
742,72
743,84
616,17
551,31
761,5
588,35
630,56
642,55
605,89
580,75
600,92
619,15
628,05
640,25
757,44
616,34
629,65
639,86
638,89
634,33
640,25
564,15
564,15
695,58
792,44
640,72
583,2
622,87
606,3
667,2
679,34
730,98
814
715,65
634,33
643,43
646,66
605,89
618,02
638,89
613,56
642,08
625,61
608,3
780,41
822
638,54
629
616,98
641,33
623,33
629
643,43
628,36
693,8
720,2
781,85
647,49
767,48
597,92
557,42
641,36
607,56
597,92
557,42
641,36
597,92
597,92
557,42
641,36
607,56
597,92
557,42
641,36
597,92
536
642,41
626,41
612,33
650
571,82
649
571,82
596,83
586,93
565,35
592,91
586,28
580,26
540,2
569,33
573,71
569,83
594,59
586,22
575,7
595,92
581,59
581,59
608,18
587,16
682,45
742,23
524,61
556,39
514,15
661,88
642,41
621,08
640
550,96
561,72
583,61
536,47
571,28
561,69
661,88
661,88
621,08
546,4
642,41
621,08
661,88
582,19
553,1
553,1
737
621,08
583,1
655
853,38
632,85
656,59
643,32
637,67
712,9
687,46
677,19
758,74
582
737,59
636,71
608,64
556,24
631,54
598,5
530
540,76
646
615,3
611,7
642,3
626,8
616,1
603,5
669
606,35
595,91
610,9
588,1
567
582,81
590,99
547,66
598,38
624,5
609,87
586,95
565,63
594,1
624
620
597,5
703
624,3
573,17
637,53
624
615,5
593,7
653
613,33
635,31
606,6
629
572,89
680
572,89
801
609,58
565,35
648,96
786,18
556,26
590
565,5
692
630,13
613,6
540,6
657,7
775,67
590,7
646,42
671,54
626,7
445,34
469,68
394,72
469,43
472,95
473,42
511,81
473,89
508,31
482,63
482,63
523,73
739,6
585,83
587,2
606,6
537,61
537,61
574,59
757,6
736,51
729,15
615
579,3
581,8
582,82
544
615
620
625,42
615,43
595,81
614,94
630,52
594,11
597,44
622,45
597,98
628,8
628,8
646,56
610,59
733
642,75
623,4
734,54
653
652,61
729
582
569
475,15
505,58
600
638
817
718,95
717,74
786,32
490
792,39
528,84
632,01
526,51
497
536,73
536,73
604
577,2
452,7
463,2
616,9
557,26
565,35
606,68
587,2
528
542,27
626,53
638,09
627,23
588
581,8
495
512,82
693,5
670,5
721
579
556,1
562,34
676
596,52
535,82
621
607,86
561,5
652
593,34
624
582,81
593,86
606,01
554,89
817,54
719,35
640,97
605,01
629,65
593,62
578
573
576,61
506,59
812,35
762,45
608,92
585
649,4
638,91
643,92
676
608,48
567,4
591,48
649,73
634,5
576,5
589,67
564,74
573,58
637,32
618,98
575,6
618
653,51
644,47
641,61
641,79
608,58
642,08
625,61
730,79
591,45
600,92
624
622,52
637,53
732,05
603,88
629,65
621,49
636,66
762,45
638,14
646,66
633,95
617,37
739,51
641,79
633,44
738,01
634,39
632,6
756,97
639,37
625,61
722,37
640,72
705,58
574,35
549,51
515
572,89
546,75
574,35
546,42
517
572,89
543,99
715
691
681
801
544,62
593,3
629,09
619
544,9
635
578,88
583,04
622
526
632,86
782,37
669,09
528,6
740,59
563,67
727,5
593
535,2
532,41
680
778,59
764,46
613
713
752,9
590,15
703
713,56
576,34
504,43
614,09
661
645
610
770,99
700,41
639,01
668,34
646,2
613
685,13
655
634,74
639,34
667
639
760,66
620,4
614,43
629,65
623,36
775,45
758,47
750,52
601,72
624
600,66
732,87
717,83
525,16
580
665,05
536
612,65
730,33
652,99
703
760
733
748,61
736,2
712,65
705,58
724,8
707,26
692,34
696,85
678,01
637,84
661,12
797,05
817,7
926
946
655,89
645,29
630,56
635,7
654,02
627,03
644,29
617,99
560,33
597,3
520,28
538,28
594,21
656,77
570,48
580,9
552,81
602,51
624,08
624,99
645,29
590,31
624
608,9
642,55
635,7
560,54
534,97
560,54
528,63
597,08
559,35
642,92
585,4
623,85
606,9
657,02
639,75
645,29
641,61
716,02
636,66
614,62
558,62
638,34
590,87
564,74
642,97
582,72
648,03
562,01
562,01
643,43
625,61
612,2
773,01
622,25
811,44
606,35
638,34
625,72
616,49
638,02
621,49
783,28
638,34
618,02
639,37
784,5
605,71
597,92
755,67
571,82
571,82
681
571,82
571,36
581,77
569,33
586,22
569,74
592,38
592,38
651
690
743,65
525
535,14
562,47
621,08
583,61
569,17
640,48
561,69
613,52
554,87
686
642,41
661,88
564,66
564,66
621,08
633,05
656,59
616,98
642,22
687,46
679,34
737,59
608,64
555,81
664,56
594,6
617,3
620,9
595,71
601,8
580
653
625,7
590,5
614,3
605,58
648,03
615,7
616,17
640,2
771
562,03
665
667
562,03
806
611,67
566,02
642,63
793,82
584,95
624,66
609,6
668,2
646,42
441,88
469,68
469,43
469,68
482,91
482,91
966
565,35
583,1
602
643,9
760,33
599
619,52
615,43
624,84
615,43
629,33
629,33
646,56
690
733,21
735
751
626,53
615,36
705,58
607,6
638,02
620,12
736,3
653
768
729,78
719,2
789,13
781,25
528,04
535,66
613,14
559,87
608,04
587,2
534
565,35
551,35
638,09
627,23
603,5
496
518,2
693,5
623,87
607,39
559,75
719,75
600,77
565,35
581,44
592,42
568,05
629,93
625,97
615,26
719,35
574,4
574,6
506,59
540,58
633,27
620,94
780,8
610,4
585
654,88
649,4
644,34
605,16
556,43
593,79
608,58
570,01
567,52
640,72
626,99
739,51
578,89
564,74
578,7
588,11
611,68
629,65
780,8
601,01
642,92
626,62
589,8
630,56
645,29
637,32
608,26
623,85
637,48
653,12
616,21
638,02
622,87
636,16
635,31
635,31
622,87
640,72
705,58
690
690
563,49
534,04
499
574,35
727
563,49
535,9
501
574,35
681
793,4
635
579,3
622
527
629,99
786,22
561,74
680
778,59
610
587,65
576,34
615,53
661
646,15
790,59
669,27
649,36
762
814
713
618,15
614,43
629,65
593,62
738,5
738,5
621,49
703
604,27
600,92
624
765
594,1
676
592,33
751
616,98
617,69
601
635,9
619,2
736,87
653
751
690
740,54
755,67
755,67
751
697,15
690
622,21
635,7
734
709
678,01
660,54
736
723,87
712,43
711,69
697,11
617,99
553,41
645,72
599,88
617,38
621,49
582,12
561,87
557,73
640,2
622,47
741,82
623,04
642,08
784,5
786,16
775,1
626,41
602,3
609,39
586,22
600,04
600,04
760,47
674,44
724,8
666,51
583,61
566,62
583,61
561,69
576,34
576,34
661,88
621,25
656,59
642,22
687,46
737,62
625,91
606,7
696,85
642,22
655
639,94
619,2
504,5
479,34
479,34
640,23
624,39
624,39
638,02
617,71
600,92
560,59
605
528
552,64
638,09
627,23
621
601,18
624
581,44
601
565,35
572,5
642,85
725,81
640,97
605,01
629,65
755,67
780,8
751
607,44
619,15
599,36
639,37
576,46
624
564,74
577,32
587,2
588,11
634,39
601,86
639,37
634,39
616,98
606,35
641,56
637,32
569,31
538,78
560,58
569,31
536,72
560,58
627,4
614
680
610
782,28
645,32
620,93
640
633,2
696,85
678,01
660,54
626
609,4
785,94
775,1
697
665
609,39
640,48
712,9
687,46
677,2
737,62
621,23
771,14
619,19
558
635,39
693,5
601,45
601,18
624
564,74
650,6
640,97
584,9
600,92
624
564,74
650,6
611,68
606,35
757,6
694,76
567,85
564,94
567,85
564,94
725
778,59
789,75
645,32
755,67
696,85
678,01
641,29
712,65
748,87
807,6
638,09
635,39
579
693,5
640,97
605,01
611,68
629,65
593,62
621,49
634,39
606,35
629,65
703
778,95
682,75
706,17
697,74
707,26
761,28
788
644
619
640,97
642,22
778,59
713
764,56
629,65
723,72
706,17
841,84
853,38
767,2
745,97
803,12
737,16
810
746,71
754,15
660
611
656,19
598,18
778,3
681
626,41
660
854
695,58
695,58
695,58
625
663
612,33
637,67
1017
690
569
637,67
663
637,67
592
663
702
644,56
525,16
658
687,15
612,33
649,6
732,83
736
556
698
708
690
663
612,33
559,92
556
705,58
705,58
705,58
567
601,45
705,58
601,45
698,55
647
690
663
601,45
705,58
637,67
601,45
721,6
718
701,55
622
617,4
694,76
721
610
869
816,67
663
705,58
565,35
637,67
690
690
565,35
725,28
787
714
675,92
737
675
803,15
792
539,7
466
568
761
825
591,95
606
879
508,2
620
545,5
709,6
508
646,65
308,3
905
506
776
615
535
809
781
394
559
545,1
592,33
505,58
530
629
600
569
563
505
615
677
682
725,28
654
649
644
647
649
513,77
763
629
983
638
405,65
491,32
854
723
699
690
645,6
873
900
662,54
904
794
1102
789,01
357,73
654
530,21
1101,22
1200
373
1096,37
773,48
979
695
824
562,05
732
712
694
751
699,35
830
754
737
559,9
697
884
699
720,15
820
686
731
662
698
684
1216,86
1238,03
1238,03
648
643
647
686
478,02
727
666
845
707
855
702
701,03
579
783
808,25
624
470
1220
1179
849
521,2
581
451,95
260,9
584,15
670,15
426,15
557
512,9
411,98
503,8
696
606
432
340,15
425,37
425,12
563,05
614,21
614,21
575,4
598
724
616
762,23
787,27
559
652
717,91
832,33
637
701,03
563,33
602
568
579,93
570,1
619
674
748,42
667
733,68
821,75
681,56
594,6
558,21
764
810,53
798,63
775,15
629
536
531,9
660,5
667
621
537,2
615,7
644
582,35
638
709
517
304,19
304,19
552
552
132,92
132,92
724,91
556,35
227,5
961,09
455
297
297
378,8
793
417,15
465
565,78
282,32
444,68
416
368,4
555
686
581
632,35
369,3
472
427
536,4
521
353,15
525
700
379,15
302
959
626,33
979
607,86
645
645
602,2
678,55
654
667
616,98
544
577
394,67
606,15
565,15
640
577
591,15
551
499
598,15
554,15
683,71
712,56
805,01
772,65
630,55
761,27
609,39
794,49
666,86
783,3
643,03
750,39
584,97
523,23
738,68
726,09
699,36
592,21
582,5
521,07
682,53
716,62
815,57
782,44
613,52
771,23
583,61
805,2
662,93
794,17
640,48
757,95
546,85
485,56
745,1
731,35
700,84
553,1
558,56
455,25
593,48
637,82
820,75
750,1
525,96
727,24
502,87
796,8
571,18
773,26
548,71
704,64
479,34
430,49
682,24
659,99
615,67
455,25
482,63
482,91
686,08
721,89
747,98
832,59
802,73
677,01
791,82
659,87
822,45
708,62
812,93
692,75
781,44
641,17
582,79
771,57
759,56
735,45
628,8
629,33
682,61
682,61
687,86
667
671
640
790,85
539,46
538
435,58
647
621
663
467,83
549
513
676
614
622
572
475,93
676
637,84
583,61
545
509
592,33
625
622
629,65
569
505
676
640,48
622
622
568
637,84
616,98
637,84
802,72
554
568
703,6
796
784
829
656,59
567,68
702,68
550,5
656,42
631
605
399,9
400,15
545,03
449
449
368,51
834
459,93
446,33
709
747,23
842,81
815,06
604,2
598
804,08
553,8
622
664
650,1
553
715
560,4
648
645
633
685
615
744
834,39
682
824,69
647,2
632
791,72
507
511,7
708
629
624,5
507
397,91
656,42
777,91
764,06
728,78
664,65
791,78
386,35
694,65
619,15
599,4
674,2
617,7
692,64
722,1
678
629
720,2
679,88
672
696
707,6
663
753
751,25
730,64
828
863
684
647
629
667
830
622
550
559
563,33
658,04
601,45
547
704,16
550
629,65
658,04
767
606
693
791
824
899
897
777
289,8
466,98
761
478
611
704,16
584,1
716
781
814
650
767
602,3
555
686
579
737
640
384,95
520,35
814
542
505,67
451,58
510
689
622,42
568,62
577
544,1
884
802
737
749,48
820,08
730,8
905
832,33
782,3
827,88
736,6
524
576
642
466,7
560,9
680
653
618
757
663
749
557,15
624
496,6
664,65
577,33
667
675,16
700,59
791,74
744,6
680
624
608
660
692,3
679
679
676
803,37
758,3
634,32
746,71
617,59
552,49
780,79
661,69
769,24
645,88
735,67
595,41
553,45
723,91
712,65
688,97
351,26
491,01
820
765,96
692,83
815
762,23
706,4
767
747,1
658
733,68
678,2
747
615
762
658,04
767
580
835
851
726,94
622
701,03
644,56
673
500,05
585,71
523,1
697,15
616
660
524
548
736
615
400,1
719
675
713,62
766
402
657
716
503,04
729
772
574,99
565,3
574,03
883
561,68
553,21
559,73
563,35
528
542,32
545,31
473,2
619
437,2
538
685,3
824,83
714,5
802,46
571,82
500
813,93
770,6
630,7
760,9
608,7
523,11
511,91
776,35
791,64
668,7
779,7
650,6
750,5
584,2
739,4
836,42
727,4
700,5
802,3
736
866
810,53
761,5
784,46
707
760
734
726,94
701,03
639
766,8
832
817
760
802
675
530,6
691
768
608
763
617
612
432
660,96
411,33
416,86
704,16
704,16
970
804,24
463
787
834,97
628,4
708
658
720,09
743
720,3
713,2
696
780
772,83
755,17
784,21
768
813,13
821
794,6
851,65
853,38
839,72
806
771
710,3
305,32
682
580,5
569
637
584
587,95
569
592,33
629
667
629
602
523,3
553
513,92
698
571
531
609
460,35
618
508,15
569
679
667
733,68
762,23
582
375,31
508,4
821,75
629
592,67
681,56
810,53
602
583
660,72
561
553,15
520,57
526
535,33
558,21
489
567
587,95
588
499,15
577
775
652
717,91
832,33
637
622
700
798,63
587,95
558,21
638,37
546
505,58
500,23
584
520,72
857
514
791,68
569
592,33
775,15
682
748,42
748
475,15
621
538,12
517,03
643
443,2
456,15
617,15
737
548,52
528,1
609,15
569,5
480,93
677,7
830,33
707,4
806,7
282,34
806
720
653
689
561
654
600
633
677
615,2
469,15
547
593
537
818,78
764,7
622,2
754,8
599,8
635
629
538,12
513,8
795,27
660,8
625
773,9
642,4
744,2
575
520
732,8
842,59
720,6
693,1
650
948,15
905
826
144,12
215
560,09
299,01
408
771
787
588
771
490,15
670,15
632
694
739
661
312,2
559,78
718
553,2
807
838
782
850
885
704
616
495
697
496
778
824,05
822,4
860,93
850,13
752,2
736
779,15
793
767,2
767,8
826
823,97
808,79
374,83
540,2
805
643,1
677,3
637
675,5
628
682
645
841
667
659,6
878
607
714
708,63
679
506,59
738
825
746
695
671,8
740,1
723
768,13
785
757,5
813,42
797,25
526,51
746
357,14
516,73
292,8
368
758
554,2
697,15
544
518,7
720,8
660
624
591
507,6
633,09
622,05
660,2
677,2
652
618
657,2
607
682
667
652
623
558,21
652
640
584
698
691,81
667,67
690
653,15
939
363,15
324,65
456,65
456,65
542,39
461,15
423,85
730,15
411,15
373,53
438,04
664
574
777
684,9
687
790
819,15
447,53
721,15
794,55
607,2
790
682
407,8
547,78
417,9
656,77
614,21
637
560,8
587
611
562
551,35
652
658
637
602
568
563,17
559
612
629
592
536
513,73
650
667
617,21
507
605
565
657
644
600,92
640
586,1
578
652
637
637
611
674,01
715
765
1007
768
807,1
484
555,5
599,25
532
560
508,31
574
682
518,5
584
537
541,04
517
592,33
652
602
708,21
553
738
505,58
558,21
471,85
627
593
506,65
783,99
803,15
590
821
370
675
643
738
660
821
699
751
724
742
729
660,18
705,85
649
761
683,95
663
552,94
684
812
808
692
695,58
716,45
676,81
724,15
637,15
590,48
657
716,34
815
734
824
883
804
707
617
773
721
704
805
715
1012
973
1072
600
637,3
609,07
651,35
592,85
778,3
530
662
554
190,56
676
837
691
569
527,59
530,71
535,12
565,5
531,9
584
569
592,33
533,65
572,95
555,5
592,33
569
592,33
533,65
506,55
642
536
512,64
693
467
554,5
512,74
593
416,25
600
525
442
555,5
592,33
687
671
717,91
483
712
748,42
437,8
535,5
533
317,42
487,2
810,53
602
660,72
798,63
587,95
638,37
528
540,7
497
505
517,86
572,95
566
464,48
553,4
551
584
469,95
564
832,33
637
701,03
821,75
629
681,56
764
787,27
572,95
546,49
587,98
710,76
530,6
642
476,25
561,08
792
565
709
498
352,5
497,1
534
775,15
555,5
592,33
569
592,33
569
517
762,23
667
733,68
437
564,84
560,25
560,25
564,84
560,25
552,62
531,8
500
519,9
513,2
402,4
480,6
430,05
790,07
477,75
572,1
635
541
675
532,79
437,13
666,6
507,56
561,82
744,03
556,46
815,11
696,8
791,58
630
544,53
563,23
475
560,63
550,32
538,62
534,36
742
803,02
755,1
609,8
745
586,8
515,2
487,6
766,52
773,4
649,4
600
764,5
630,6
734,3
526,51
561
558,79
637,38
658,75
837,69
722,7
826,65
710,2
682,3
598,51
473
785
678,2
618
565
637
600
987
748,4
812
713
662
680
577
508,4
737
520
180,15
823
719
593
126,2
431,15
515,51
431,15
564
234
425
588,15
440,65
352,67
309,57
774,21
758
801,62
812
786,3
841,84
843,31
829,99
594,6
677,19
710,7
661
706,7
656
681
693,1
648
741
737,79
716,95
770
751
699
722
792
757
675
656
697,55
657
761
705
668
554,46
831
704
703
672,78
722,65
650
590,48
763,83
659
714,96
784
782
720
781
857
751
716,5
630,3
564,74
564,74
688,9
762,31
747
790,72
804
777,4
834
833,93
819,7
392
388,37
465,23
345,05
586,5
564,4
568,7
562,52
661,13
694,26
652
600,92
691,8
645
664
682
677,2
627
729
723,61
702,06
678
804
554
154,58
261
877
867
867
929
683
699
754
601
751
738
660
704,65
834
652
761
684,75
657,9
556
689
810
832
803
695,58
716,45
680,1
724,15
640,2
590,48
823
844
741
711
761
665
716,03
851
743
754
796
908
752
684
776
765
698
773
693,15
616,2
789
579
547,13
791,17
665
624
812
871,97
728,48
708
756,38
775
746,5
809
803,46
780
731
339,17
401
719,15
751
566,1
660
639,16
562,34
599,9
636,7
576
667
652
598
682
637
617,8
555
679,9
674,01
647,49
631
368,4
444,03
386,35
392
552
869
647,15
694,25
690
720
653
689
773
761
455
324,75
539,7
714,86
563,15
457,02
1291
994
994
602,15
646,15
638,82
711
700
800
791
807,1
638
369,83
600,81
580
541
636
504,4
623
564,4
599,25
549,73
569
536,78
710
593,7
653,5
682
748,42
775,15
538
832,33
637
701,03
821,75
629
681,56
579,4
547
554,09
518,96
536,6
599
733,68
652
717,91
810,53
602
660,72
720,19
568,6
798,63
787,27
762,23
505,58
496,95
638,35
639,15
596
520,15
364,9
778
578
613
553
597,9
529
538,56
626
936
774
619,95
638
764
639,75
568,55
634,52
782,15
810
942
977,44
631
629
590,55
680
739
536,05
561
580
596
599,25
546
565,89
554
497,32
497,32
629
579
536
514,3
664,54
667
626,59
618
583,38
678,03
961,16
345,5
730
743,95
576,53
269,7
497,17
307,7
550
535,27
459
369
318,21
660
515
454
396,65
286,28
610
479
438,6
291,02
507
259
499,74
358,52
744
591,9
968
440,35
953
788,5
636
806
811
858
770
1086
853
1314
542
430,75
318,69
659,37
364
490,85
924
545
576
356
1002
667
617,4
694,76
506,21
600,85
545
592,33
574
537
563,33
544,72
530
557
536
661
483,9
660
667
622,56
713
691
581,8
659
627
601,45
765
572
543,7
466,66
620
753
804
859,72
653,2
717,32
693
745,12
765
736,2
722
792,82
772
655
795
705
606
420,25
306,45
309,35
540,15
639
656,59
631,95
645,8
450,4
540
540
996
983
599,3
602
771,03
796,44
865,9
872,75
844,72
640,07
836,95
657,12
859,18
751,38
852,59
726,84
827,84
818,79
808,34
784,51
577,34
733
661,75
567
567
371,25
579,35
710,3
638
591,75
725
749
692,76
685
667
516,5
577
394,67
596,15
553,15
577
598
553
500
755
587,7
567,34
683,71
712,56
805,01
772,65
630,55
761,27
609,39
794,49
666,86
783,3
643,03
750,39
584,97
531,77
738,68
726,09
699,36
592,21
582,5
682,45
528,19
682,53
716,62
815,57
782,44
613,52
771,23
583,61
805,2
662,93
794,17
640,48
757,95
546,85
492,86
745,1
731,35
700,84
553,1
558,56
455,25
593,48
637,82
820,75
750,1
525,96
727,24
502,87
796,8
571,18
773,26
548,71
704,64
479,34
430,49
682,24
659,99
615,67
455,25
482,63
482,91
623,09
721,89
747,98
832,59
802,73
677,01
791,82
659,87
822,45
708,62
812,93
692,75
781,44
641,17
582,79
771,57
759,56
735,45
628,8
629,33
695,19
667
670
656,77
640
790,85
535
428,63
657
666
619
663
745
467,83
543
513
676
617
635
622
593,62
577
702
475,37
676
637,84
885
540
509
627
622
593,62
574
505
676
622
622
573
637,84
616,98
637,84
699,45
797
569
586
687
766
820
743,15
644
565
688
590
726,09
571
559,95
471,2
688
543,15
796
846,99
703
675
733,04
754
725,4
721,7
790
783,38
766,47
678,15
757
535,15
697,15
769,5
651
679
677
718
655
491,25
347,22
363
616,37
744,72
673,74
672,77
819,04
711,57
890
525
620
643,63
687,46
729
432
433,25
497,75
510
782
604
660
908
865
1008
577,5
711,57
525,15
518,2
444
692
639
706,2
732
696,85
707,6
700
720,9
682
764
761,74
743,3
505,8
705
603
636
697
777
569
519,13
473
569
432
327,8
498
536,99
556
546
669,69
584
454
599
647,13
620,21
805
778
960