1.16
0.89
0.89
1.08
1.51
0.94
0.8
0.69
0.95
1.14
1.08
1.53
1.17
1.87
0.18
0.57
1.34
1.35
0.9
0.9
1.26
1.21
1
0.38
1.77
-0.04
1.37
1.1
0.72
0.81
1.45
0.92
0.79
1.13
0.43
0.54
0.48
1.33
1.14
0.87
0.97
1.01
-0.19
0.83
2.07
0.66
0.3
0.08
1
1.24
1.59
1.53
0.8
0.76
1.97
0.76
0.62
0.78
1.09
0.2
1.3
1.07
1.12
1.07
1.67
0.04
1.22
1.28
1.04
0.47
0.16
0.91
0.72
1.1
0.48
1.42
1.47
0.46
0.8
1.15
1.17
1.22
0.38
0.6
0.59
1.04
1.36
0.95
0.52
1.17
0.84
0.38
1.47
0.39
0.95
0.92
1.47
1.59
0.84
1.55
0.98
0.86
0.45
1.06
1.75
1.35
0.5
1.43
2.08
1.15
0.58
0.38
1.39
1.33
0.82
1.4
0.81
1.52
1.02
1.23
0.48
1.17
1.11
0.5
2.18
1.33
1.13
1.62
0.93
1.52
1.17
1.46
0.31
0.93
0.61
1.53
0.38
1.04
0.37
0.58
1.37
0.84
1.64
0.5
1.16
1.48
0.43
1.6
0.1
1.26
0.82
0.45
1.66
0.63
1.5
0.48
1.33
1.41
1.05
1.02
1.21
1.74
0.28
0.6
0.9
1.54
1.57
1.09
1.58
0.04
0.38
1.33
0.12
1.25
1.42
1.04
1.08
0.35
1.23
-0.03
0.14
0.67
0.52
1.66
1.52
0.72
1.28
0.81
0.97
1.48
1.51
0.28
1.4
0.11
1.77
0.8
0.98
-0.04
1.89
1.71