4165.196191
3561.146205
4284.348574
5098.680869
3406.132832
4395.763259
4104.400989
3496.742701
4025.851153
4285.026122
4691.546305
5128.20297
5113.940775
5546.431951
4323.568513
3539.984263
5425.900608
3796.037029
4534.585915
3803.411386
5778.851488
4771.307836
2486.075498
2515.440716
6046.257538
2351.289487
4971.979256
3999.613909
2760.485982
3825.661812
5859.748328
3775.981178
3907.28923
4118.233273
3621.261108
2718.652945
3608.47473
5249.625543
4239.53187
4471.241364
4363.202854
4495.004769
3098.436639
2677.297348
5779.876876
3210.90138
2967.240201
2415.825125
5563.040771
5337.145786
5670.537767
5899.353594
4601.071319
3741.129167
5605.978153
4079.994302
3146.528143
3691.832452
3542.532883
3969.558019
5851.024387
3733.769597
5620.911404
4319.662079
5620.445827
4431.905847
3376.2837
3999.97933
4336.465709
3767.10242
3180.611366
4320.554389
4220.557084
4087.529805
5321.469922
6053.071368
5446.810082
3190.699612
4276.410007
5518.256409
4555.146788
4489.29306
4319.787412
4113.145433
2734.773959
4142.406714
4208.174933
4519.923344
3364.213781
3562.635128
3806.229207
2119.315516
4877.71473
3591.891958
4700.224408
5350.949293
5278.785405
6455.048131
3671.944944
4948.929165
4464.894985
4003.874956
3376.059883
3856.991967
4689.43224
4748.315024
3890.428004
4733.965648
6480.140811
4751.960471
4429.601197
3695.605482
5334.209437
6171.948872
5188.165252
5429.61122
4190.949492
4321.08436
3278.519165
5568.129512
4761.541276
3096.041435
5984.91987
3987.451637
5107.668954
4590.775041
4394.908724
4801.169597
4118.586934
3762.933398
4583.194189
5257.439724
3258.271193
4896.3969
2508.507049
3655.497757
4300.222781
4566.400754
2107.139414
3989.012964
5903.37822
4260.004869
5996.900444
3196.99447
4476.367366
4605.799987
4180.788056
5400.374809
3950.292582
3418.470532
2705.868622
3219.49199
5607.51549
5083.318118
3341.157722
3867.438514
5629.970179
4859.067707
4092.730535
5898.169102
5085.588965
4470.882859
3923.997348
3458.846102
4013.751035
5175.59912
6395.708841
3182.815944
4862.060183
2940.975811
2791.133133
5449.314018
3031.432666
3460.397749
4158.294202
4441.251847
3333.963492
2819.977847
5880.785643
2362.269336
4290.072266
4144.2208
3141.540928
5692.716924
4319.373276
4807.05583
3899.879873
3413.73739
4385.713419
4291.702607
3407.341602
2187.774422
5899.275409
3855.930544
5489.491177
3847.571003
5601.227131
3409.575363
5087.592149
6662.622385