136.23704
136.23704
136.23704
156.2682
136.23704
162.27492
358.65124
162.27492
162.27492
358.65124
260.46308
132.20528
190.32868
358.65124
218.38244
162.27492
358.65124
358.65124
138.2334
174.71356
156.2682
136.23704
176.3018
132.20528
160.68668
162.27492
344.62436
162.27492
74.1228
148.67568
140.2688
156.2682
58.08004
75.1106
90.1222
89.13748
75.1106
103.16436
74.1228
116.20344
130.23032
88.14968
73.13808
129.2456
129.2456
115.21872
158.28408
102.17656
75.1106
103.16436
90.1222
89.13748
103.16436
74.1228
158.28408
116.20344
102.17656
90.1222
102.1332
83.1332
130.23032
88.14968
73.13808
88.14968
87.16496
58.08004
134.22116
129.2456
129.2456
148.67568
115.21872
88.14968
108.18328
118.08924
171.03658
110.1309832
116.16008
136.23704
156.2682
74.07944
258.36292
136.28228
95.10392
152.0392992
134.048836
152.0392992
134.048836
345.65388
359.68076
203.8296064
185.8391432
167.84868
181.87556
102.0314928
116.0583728
533.65576
547.68264
152.0392992
134.048836
359.68076
181.87556
116.0583728
547.68264
294.81158
294.81158
378.97286
407.02662
519.24166
266.75782
477.16102
336.89222
463.13414
322.86534
505.21478
364.94598
491.1879
350.9191
449.10726
308.83846
280.7847
435.08038
421.0535
392.99974
187.3753096
169.3848464
151.3943832
161.45768
161.45768
245.61896
273.67272
385.88776
133.40392
343.80712
203.53832
329.78024
189.51144
371.86088
231.59208
357.834
217.5652
315.75336
175.48456
147.4308
301.72648
287.6996
259.64584
112.0947896
112.0947896
196.2560696
224.3098296
336.5248696
84.0410296
294.4442296
154.1754296
280.4173496
140.1485496
322.4979896
182.2291896
308.4711096
168.2023096
266.3904696
126.1216696
98.0679096
252.3635896
238.3367096
210.2829496
435.81299
435.81299
519.97427
548.02803
407.75923
477.89363
463.86675
505.94739
491.92051
449.83987
421.78611
576.08179
562.05491
534.00115
152.0392992
134.048836
345.65388
359.68076
203.8296064
185.8391432
167.84868
181.87556
102.0314928
116.0583728
533.65576
547.68264
126.24192
334.46068
200.0312256
134.048836
359.68076
181.87556
116.0583728
547.68264
294.81158
294.81158
266.75782
280.7847
187.3753096
169.3848464
151.3943832
151.3943832
161.45768
161.45768
133.40392
147.4308
112.0947896
112.0947896
84.0410296
98.0679096
435.81299
435.81299
407.75923
421.78611
126.24192
112.21504
84.16128
359.68076
181.87556
116.0583728
547.68264
126.24192
140.2688
294.81158
294.81158
280.7847
161.45768
161.45768
147.4308
112.0947896
112.0947896
98.0679096
435.81299
435.81299
421.78611
126.24192
112.21504
294.81158
161.45768
112.0947896
435.81299
126.24192
126.24192
126.24192
126.24192
126.24192
126.24192
126.24192
150.30916
229.9424
229.9424
215.91552
229.9424
215.91552
300.0768
468.39936
328.13056
440.3456
187.86176
454.37248
398.26496
257.99616
384.23808
243.96928
426.31872
286.04992
412.29184
272.02304
510.48
370.2112
229.9424
201.88864
496.45312
356.18432
482.42624
342.15744
314.10368
170.9210128
152.9305496
134.9400864
116.9496232
134.9400864
141.0398
124.99704
116.9496232
124.99704
141.0398
127.01292
155.06668
141.0398
127.01292
211.1742
379.49676
239.22796
351.443
98.95916
96.94328
365.46988
309.36236
169.09356
295.33548
155.06668
337.41612
197.14732
323.38924
183.12044
281.3086
141.0398
112.98604
110.97016
267.28172
393.52364
253.25484
225.20108
222.4142
306.57548
334.62924
194.36044
264.49484
390.73676
250.46796
292.5486
278.52172
376.70988
236.44108
208.38732
362.683
348.65612
320.60236
140.2688
126.24192
108.1312064
108.1312064
94.1043264
108.1312064
94.1043264
178.2656064
346.5881664
206.3193664
318.5344064
66.0505664
64.0346864
332.5612864
276.4537664
136.1849664
262.4268864
122.1580864
304.5075264
164.2387264
290.4806464
150.2118464
248.4000064
108.1312064
80.0774464
234.3731264
360.6150464
220.3462464
192.2924864
323.94334
323.94334
309.91646
323.94334
309.91646
394.07774
422.1315
281.8627
492.2659
351.9971
478.23902
337.97022
380.05086
506.29278
366.02398
464.21214
323.94334
295.88958
450.18526
436.15838
408.10462
126.24192
126.24192
144.21384
84.16128
112.21504
98.18816
70.1344
172.2676
158.24072
116.16008
144.21384
87.16496
208.30304
292.46432
320.51808
250.38368
376.6256
236.3568
278.43744
264.41056
362.59872
222.32992
194.27616
348.57184
334.54496
306.4912
210.31892
294.4802
322.53396
182.26516
180.24928
252.39956
378.64148
238.37268
280.45332
266.42644
364.6146
224.3458
196.29204
350.58772
336.56084
308.50708
174.28348
300.0768
211.1742
394.07774
314.10368
328.13056
239.22796
342.15744
356.18432
384.23808
398.26496
300.5254
359.68076
181.87556
116.0583728
547.68264
126.24192
126.24192
294.81158
280.7847
169.3848464
161.45768
147.4308
112.0947896
98.0679096
435.81299
421.78611
215.89268
190.32868
188.3128
174.28592
160.25904
160.25904
160.25904
160.25904
160.25904
160.25904
160.25904
174.28592
160.25904
160.25904
160.25904
160.25904
160.25904
160.25904
160.25904
188.3128
146.23216
160.25904
216.36656
146.23216
132.20528
134.22116
140.2688
184.28104
215.89268
190.32868
134.22116
184.28104
126.11184
294.81158
294.81158
280.7847
175.48456
161.45768
195.4748
195.4748
181.44792
161.45768
147.4308
162.27492
162.27492
112.0947896
98.0679096
435.81299
435.81299
421.78611
148.24804
148.24804
120.19428
126.24192
110.19916
158.24316
170.25416
215.89268
190.32868
246.4362
134.22116
184.28104
184.28104
184.28104
246.4362
294.81158
195.4748
181.44792
161.45768
162.27492
112.0947896
435.81299
204.35556
148.24804
148.24804
162.27492
148.24804
120.19428
126.24192
170.25416
184.28104
184.28104
195.4748
212.3348
170.25416
184.28104
170.25416
170.25416
170.25416
150.30916
122.2554
54.09164
90.1222
243.96928
229.9424
215.91552
243.96928
229.9424
215.91552
187.86176
257.99616
243.96928
286.04992
272.02304
229.9424
201.88864
259.8236128
170.9210128
152.9305496
134.9400864
232.9398192
134.9400864
116.9496232
124.99704
141.0398
127.01292
141.0398
169.09356
195.4748
192.00076
127.01292
98.95916
96.94328
169.09356
220.9288192
155.06668
141.0398
112.98604
112.98604
110.97016
194.36044
208.38732
184.28104
108.1312064
94.1043264
108.1312064
94.1043264
66.0505664
108.1312064
80.0774464
124.13932
124.13932
323.94334
309.91646
323.94334
309.91646
281.8627
323.94334
295.88958
162.27492
90.1222
148.24804
148.24804
184.28104
148.24804
148.24804
184.28104
112.21504
110.19916
98.18816
96.17228
156.22728
130.18696
158.24072
116.16008
144.21384
87.16496
194.27616
210.31892
182.26516
196.29204
314.55228
72.10692
94.20164
82.1454
300.5254
68.11852
74.12588
74.12588
76.09532
144.17048
58.08004
314.55228
294.81158
161.45768
112.0947896
435.81299
126.24192
104.15152
184.28104
92.14052
246.4362
126.12108
181.44792
162.27492
204.35556
148.24804
170.25416
213.10644
184.28104
184.28104
170.25416
170.25416
212.3348
170.25416
136.28228
88.15276
90.1222
80.12952
108.18328
190.32868
102.17964
229.9424
294.81158
229.9424
229.9424
215.91552
229.9424
215.91552
229.9424
201.88864
124.99704
141.0398
175.48456
161.45768
124.99704
141.0398
141.0398
127.01292
128.98544
141.0398
195.4748
124.99704
127.01292
141.0398
112.98604
110.97016
236.44108
222.4142
222.4142
208.38732
132.20528
126.24192
108.1312064
112.0947896
108.1312064
108.1312064
94.1043264
108.1312064
94.1043264
108.1312064
80.0774464
124.13932
124.13932
124.13932
323.94334
435.81299
323.94334
323.94334
309.91646
323.94334
309.91646
323.94334
295.88958
148.24804
148.24804
148.24804
182.26516
148.24804
184.28104
148.24804
182.26516
148.24804
184.28104
164.2908
112.21504
110.19916
98.18816
96.17228
156.22728
88.10632
208.30304
194.27616
210.31892
210.31892
224.3458
196.29204
197.23956
314.55228
82.1454
300.5254
68.11852
74.12588
76.09532
58.08004
184.28104
170.25416
184.28104
170.25416
134.13444
88.15276
80.12952
172.18088
108.18328
190.32868
243.96928
229.9424
215.91552
243.96928
272.02304
229.9424
124.99704
141.0398
124.99704
124.99704
127.01292
141.0398
222.4142
184.28104
108.1312064
94.1043264
108.1312064
124.13932
323.94334
309.91646
323.94334
148.24804
182.26516
148.24804
184.28104
184.28104
112.21504
110.19916
96.17228
156.22728
88.10632
210.31892
162.27492
314.55228
82.1454
300.5254
68.11852
166.30668
166.30668
110.19916
162.27492
108.18328
116.20652
243.96928
257.99616
243.96928
272.02304
229.9424
169.09356
141.0398
236.44108
108.1312064
323.94334
210.19192
138.25292
110.19916
96.17228
156.22728
224.3458
82.1454
102.17964
170.25416
243.96928
155.06668
184.28104
337.97022
198.30792
110.19916
156.22728
257.99616
169.09356
184.28104
156.22728
272.02304
183.12044
366.02398
156.22728
286.04992
197.14732
126.24192
126.24192
126.24192
112.21504
84.16128
126.24192
112.21504
126.24192
126.24192
126.24192
112.21504
84.16128
126.24192
112.21504
126.24192
126.24192
126.24192
126.24192
126.24192
126.24192
84.16128
70.1344
126.24192
126.24192
126.24192
126.24192
126.24192
126.24192
84.16128
82.1454
82.1454
126.24192
126.24192
112.21504
126.24192
112.21504
126.24192
126.24192
126.24192
126.24192
126.24192
126.24192
126.24192
84.16128
70.1344
126.24192
126.24192
126.24192
126.24192
126.24192
84.16128
82.1454
82.1454
118.17596
116.20344
136.15032
166.1766
136.15032
103.16436
101.19184
101.19184
89.13748
101.19184
89.13748
101.19184
75.1106
101.19184
101.19184
101.19184
61.08372
149.03046
120.9767
277.28826
165.07322
165.07322
135.00358
219.16486
165.07322
135.00358
149.03046
149.03046
151.04634
165.07322
137.01946
149.03046
165.07322
149.03046
151.04634
165.07322
165.07322
135.00358
149.03046
135.00358
149.03046
137.01946
221.18074
389.5033
249.2345
361.44954
375.47642
319.3689
179.1001
305.34202
165.07322
207.06958
347.42266
207.15386
333.39578
193.12698
431.58394
291.31514
151.04634
122.99258
417.55706
277.28826
403.53018
263.26138
235.20762
56.10752
188.3128
124.22604
184.28104
136.4762528
118.4857896
100.4953264
118.4857896
100.4953264
88.5364
82.5048632
132.63292
118.60604
76.5254
120.62192
118.60604
120.62192
202.5536
161.03004
90.55228
120.62192
82.5048632
104.57916
90.55228
104.57916
104.57916
104.57916
120.62192
92.56816
104.57916
120.62192
161.03004
118.60604
104.57916
104.57916
134.6488
120.62192
161.03004
146.6598
120.62192
90.55228
104.57916
90.55228
104.57916
92.56816
176.72944
345.052
204.7832
316.99824
331.02512
274.9176
134.6488
260.89072
120.62192
162.61828
302.97136
162.70256
288.94448
148.67568
246.86384
78.54128
373.10576
232.83696
359.07888
218.81008
190.75632
158.28408
140.2688
272.47408
208.38732
268.44232
138.25292
102.17964
308.59136
306.57548
202.40444
186.33784
168.32256
236.44108
296.49608
166.30668
314.61948
298.55288
280.5376
278.52172
132.20528
132.20528
104.14908
166.30668
210.4032
148.24804
148.24804
126.24192
148.24804
148.24804
148.24804
148.24804
148.24804
160.25904
166.30668
110.19916
96.17228
156.22728
130.18696
158.24072
116.16008
144.21384
104.1676232
104.1676232
104.1676232
74.0979832
88.1248632
88.1248632
104.1676232
76.1138632
104.1676232
88.1248632
104.1676232
104.1676232
88.1248632
88.1248632
76.1138632
160.2751432
328.5977032
188.3289032
300.5439432
314.5708232
258.4633032
118.1945032
244.4364232
104.1676232
286.5170632
146.2482632
272.4901832
132.2213832
230.4095432
62.0869832
216.3826632
342.6245832
202.3557832
174.3020232
294.56448
292.5486
272.53884
256.47224
238.45696
236.44108
114.18756
116.20344
98.18816
230.39344
166.30668
226.36168
96.17228
258.51196
242.44536
224.43008
292.5486
222.4142
102.17656
84.16128
216.36656
152.2798
212.3348
82.1454
74.07944
212.07369
212.07369
212.07369
182.00405
196.03093
196.03093
212.07369
184.01993
212.07369
196.03093
212.07369
212.07369
182.00405
196.03093
182.00405
196.03093
184.01993
268.18121
436.50377
296.23497
408.45001
422.47689
366.36937
226.10057
352.34249
212.07369
394.42313
254.15433
380.39625
240.12745
478.58441
338.31561
169.99305
464.55753
324.28873
450.53065
310.26185
282.20809
184.28104
212.3348
170.25416
104.14908
172.31096
130.23032
126.24192
112.21504
84.16128
126.24192
140.2688
126.24192
148.24804
148.24804
176.3018
148.24804
148.24804
132.20528
132.20528
148.24804
144.2572
170.25416
148.24804
140.2688
126.24192
168.32256
134.22116
140.2688
184.28104
148.24804
148.24804
148.24804
148.24804
176.3018
132.20528
150.22056
148.24804
144.2572
112.21504
170.25416
148.24804
140.2688
184.28104
134.22116
140.2688
148.24804
148.24804
132.20528
148.24804
170.25416
148.24804
140.2688
184.28104
134.22116
140.2688
148.24804
148.24804
122.21016
170.25416
170.25416
184.28104
170.25416
184.28104
170.25416
146.23216
126.24192
112.21504
84.16128
126.24192
126.24192
126.24192
112.21504
126.24192
126.24192
126.24192
152.2798
126.24192
112.21504
84.16128
126.24192
126.24192
126.24192
112.21504
126.24192
126.24192
126.24192
152.2798
168.23828
130.18696
158.24072
116.16008
144.21384
87.16496
114.18756
96.17228
82.1454
130.1894
143.1882
142.2004
172.2676
131.17476
131.17476
131.17476
131.17476
103.121
131.17476
131.17476
131.17476
103.121
187.28228
215.33604
327.55108
285.47044
145.20164
271.44356
131.17476
313.5242
173.2554
299.49732
159.22852
257.41668
89.09412
243.3898
229.36292
201.30916
300.5926
284.526
266.51072
264.49484
142.24132
144.2572
142.24132
126.24192
258.4472
194.36044
254.41544
124.22604
286.56572
270.49912
252.48384
250.46796
128.21444
130.23032
112.21504
244.42032
180.33356
240.38856
110.19916
348.65612
244.48508
228.41848
210.4032
278.52172
208.38732
70.1344
66.10264
66.10264
202.33968
138.25292
198.30792
68.11852
148.24804
148.24804
136.19368
148.24804
122.1668
302.54372
192.26028
204.27128
274.48996
130.19004
118.1784
118.17596
174.28592
110.19916
170.25416
184.28104
132.20284
162.27492
184.28104
336.64512
334.62924
230.4582
214.3916
196.37632
264.49484
194.36044
322.61824
320.60236
198.34884
216.43132
200.36472
182.34944
250.46796
180.33356
188.37756
172.31096
154.29568
222.4142
282.4692
152.2798
282.51012
233.19174
372.67812
214.3916
298.50952
298.50952
68.07824
196.29204
196.29204
196.29204
196.29204
196.29204
196.29204
196.29204
167.25544
182.26516
138.2548
170.33844
156.31156
170.33844
170.33844
156.31156
142.28468
170.33844
170.33844
156.31156
170.33844
130.23032
170.33844
114.23092
156.31156
142.28468
170.33844
128.2578
170.33844
170.33844
158.28408
170.33844
156.31156
142.28468
170.33844
170.33844
156.31156
170.33844
170.33844
156.31156
158.28408
170.33844
144.2572
170.33844
156.31156
142.28468
170.33844
128.2578
170.33844
156.31156
170.33844
170.33844
158.28408
170.33844
156.31156
142.28468
170.33844
170.33844
156.31156
170.33844
170.33844
175.48456
435.81299
116.20344
130.23032
170.33844
156.31156
158.28408
144.2572
170.33844
130.23032
170.33844
156.31156
170.33844
100.20404
142.28468
128.2578
170.33844
156.31156
114.23092
102.2004
170.33844
156.31156
226.44596
170.33844
170.33844
156.31156
158.28408
170.33844
144.2572
156.31156
142.28468
170.33844
128.2578
170.33844
170.33844
170.33844
170.33844
156.31156
142.28468
170.33844
168.32256
170.33844
156.31156
170.33844
170.33844
146.22972
216.32076
130.23032
170.33844
158.28408
170.33844
156.31156
144.2572
170.33844
156.31156
130.23032
128.21444
170.33844
156.31156
158.28408
170.33844
142.28468
128.2578
170.33844
156.31156
114.23092
170.33844
170.33844
158.28408
156.31156
140.2688
142.28468
170.33844
156.31156
170.33844
170.33844
170.33844
156.31156
144.2572
170.33844
170.33844
156.31156
158.28408
170.33844
170.33844
142.28468
128.2578
170.33844
156.31156
156.31156
170.33844
170.33844
170.33844
158.28408
170.33844
158.28408
170.33844
142.28468
170.33844
156.31156
170.33844
170.33844
156.31156
170.33844
229.9424
215.91552
229.9424
201.88864
152.9305496
155.06668
141.0398
127.01292
169.09356
155.06668
141.0398
112.98604
208.38732
130.23032
108.1312064
94.1043264
108.1312064
80.0774464
323.94334
309.91646
323.94334
295.88958
170.33844
118.17596
102.17964
118.17596
102.17656
144.2572
130.23032
158.28408
116.20344
104.21628
88.14968
156.31156
170.33844
100.16068
144.2572
144.2572
156.31156
170.33844
128.2578
144.2572
130.23032
128.21444
170.33844
156.31156
158.28408
138.25292
116.20344
114.18756
170.33844
118.24316
170.33844
158.28408
156.31156
170.33844
144.2572
170.33844
158.28408
170.33844
156.31156
170.33844
170.33844
112.21504
112.21504
100.16068
86.17716
97.16008
116.16008
170.33844
198.3922
268.5266
128.2578
254.49972
114.23092
156.31156
282.55348
142.28468
172.2676
72.10692
240.47284
100.20404
86.1338
83.1332
102.1332
158.24072
116.16008
144.21384
87.16496
226.44596
100.16068
130.25416
116.22728
88.17352
212.41908
184.36532
196.29204
182.26516
170.33844
170.33844
156.31156
170.33844
156.31156
170.33844
144.2572
170.33844
156.31156
142.28468
170.33844
128.2578
170.33844
170.33844
170.33844
156.31156
142.28468
170.33844
156.31156
170.33844
170.33844
294.81158
161.45768
112.0947896
116.20344
98.18816
130.23032
112.21504
116.20344
130.23032
170.33844
156.31156
170.33844
142.28468
128.2578
170.33844
156.31156
114.23092
170.33844
170.33844
158.28408
144.2572
170.33844
158.28408
156.31156
142.28468
170.33844
170.33844
170.33844
170.33844
149.23584
156.31156
142.28468
170.33844
150.22056
149.23584
156.31156
170.33844
150.22056
170.33844
130.23032
112.21504
144.2572
130.23032
112.21504
170.33844
156.31156
144.2572
170.33844
156.31156
130.23032
170.33844
156.31156
170.33844
142.28468
128.2578
170.33844
156.31156
114.23092
136.19368
121.18208
126.2224
158.28408
156.31156
170.33844
156.31156
170.33844
150.22056
170.33844
170.33844
156.31156
144.2572
170.33844
170.33844
156.31156
170.33844
170.33844
142.28468
128.2578
170.33844
156.31156
136.19368
121.18208
126.2224
170.33844
184.28104
170.33844
195.4748
170.33844
158.28408
170.33844
170.33844
142.28468
170.25416
170.33844
156.31156
136.19368
121.18208
170.33844
156.31156
170.33844
88.15276
243.96928
229.9424
215.91552
257.99616
243.96928
229.9424
124.99704
128.98544
141.0398
127.01292
155.06668
183.12044
141.0398
110.97016
161.03004
184.28104
150.22056
108.1312064
94.1043264
108.1312064
174.28592
174.28592
70.09104
323.94334
309.91646
323.94334
152.26028
118.17596
82.1454
118.17596
102.17656
102.17656
84.16128
130.23032
112.21504
116.20344
98.18816
118.17596
238.37268
132.20284
118.24316
102.17656
84.16128
130.23032
144.2572
126.24192
130.23032
112.21504
116.20344
98.18816
158.28408
170.33844
144.2572
156.31156
170.33844
128.2578
144.2572
130.23032
170.33844
156.31156
158.28408
116.20344
170.33844
156.31156
170.33844
150.22056
170.33844
170.33844
156.31156
170.33844
150.22056
170.33844
150.22056
112.21504
112.21504
121.18208
182.26516
100.16068
86.17716
97.16008
116.16008
170.33844
198.3922
96.12892
268.5266
128.2578
254.49972
114.23092
156.22728
156.31156
282.55348
142.28468
240.47284
100.20404
107.1552
157.21508
132.20528
226.44596
100.16068
112.19552
138.2334
212.41908
184.36532
194.27616
82.1454
68.11852
122.1668
182.26516
170.33844
158.28408
156.31156
170.33844
156.31156
170.33844
170.33844
130.23032
112.21504
144.2572
130.23032
112.21504
170.33844
156.31156
144.2572
170.33844
170.33844
142.28468
128.2578
170.33844
156.31156
112.21504
156.31156
170.33844
170.33844
170.33844
144.2572
170.33844
170.33844
158.28408
170.33844
135.20896
142.28468
170.33844
156.31156
136.19368
121.18208
170.33844
158.28408
170.33844
140.2688
170.33844
158.28408
135.20896
142.28468
170.33844
156.31156
136.19368
121.18208
227.13332
170.33844
156.31156
170.33844
178.27432
220.35496
220.35496
206.32808
229.9424
169.09356
215.0014296
195.4748
141.0398
161.03004
150.22056
108.1312064
323.94334
152.26028
184.28104
130.23032
112.21504
116.20344
116.20344
98.18816
162.27492
132.20284
132.20284
144.2572
144.2572
130.23032
112.21504
158.28408
115.21872
116.20344
98.18816
170.33844
156.31156
170.33844
170.33844
144.2572
156.31156
170.33844
128.2578
150.22056
130.23032
158.28408
170.33844
156.31156
142.28468
116.20344
114.18756
158.28408
158.28408
156.31156
170.33844
144.2572
170.33844
158.28408
170.33844
156.31156
170.33844
150.22056
170.33844
150.22056
112.21504
112.21504
121.18208
182.26516
170.33844
198.3922
96.12892
268.5266
128.2578
254.49972
114.23092
156.31156
282.55348
142.28468
240.47284
100.20404
107.1552
157.21508
226.44596
100.16068
112.19552
138.2334
212.41908
184.36532
182.13572
236.3568
82.1454
122.1668
170.33844
144.2572
170.33844
144.2572
170.33844
142.28468
170.33844
156.31156
170.33844
158.28408
170.33844
156.31156
170.33844
170.33844
243.96928
243.96928
183.12044
155.06668
161.03004
150.22056
70.09104
152.26028
110.19916
130.23032
112.21504
110.19916
266.42644
144.2572
130.23032
112.21504
170.33844
170.33844
156.31156
184.28104
170.33844
150.22056
130.23032
128.21444
170.33844
156.31156
156.31156
170.33844
150.22056
170.33844
158.28408
170.33844
156.31156
170.33844
170.33844
150.22056
112.21504
112.21504
121.18208
182.26516
170.33844
96.12892
128.2578
114.23092
156.31156
142.28468
107.1552
157.21508
100.16068
112.19552
138.2334
182.13572
122.1668
268.5266
422.82228
170.33844
156.31156
170.33844
186.33784
240.38856
206.32808
220.35496
206.32808
197.14732
195.4748
161.03004
149.23584
184.28104
150.22056
212.3348
152.26028
174.19676
158.28408
144.2572
140.2688
156.31156
170.33844
150.22056
144.2572
142.24132
124.22604
170.33844
156.31156
170.33844
150.22056
144.2572
170.33844
158.28408
170.33844
170.33844
170.33844
121.18208
182.26516
170.33844
126.24192
128.2578
156.22728
156.31156
142.28468
107.1552
157.21508
132.20528
138.2334
158.28408
182.13572
178.27432
122.1668
170.33844
158.28408
170.33844
158.28408
170.33844
158.28408
170.33844
156.22728
156.31156
142.28468
157.21508
172.31096
228.41848
170.33844
156.31156
157.21508
170.33844
130.25416
116.22728
88.17352
130.25416
116.22728
130.25416
116.22728
130.25416
130.25416
116.22728
88.17352
130.25416
116.22728
130.25416
116.22728
130.25416
164.24744
134.17536
174.28348
120.14848
118.17596
172.2676
180.16012
117.19124
103.16436
89.13748
106.1888
117.19124
103.16436
214.21816
103.16436
117.19124
89.13748
89.13748
75.1106
101.19184
105.13688
89.13748
101.19184
101.19184
103.16436
103.16436
101.19184
103.16436
117.19124
101.19184
129.2456
89.13748
105.13688
101.19184
129.2456
75.1106
135.00358
219.16486
149.03046
120.9767
165.07322
135.00358
151.04634
165.07322
137.01946
149.03046
165.07322
149.03046
149.03046
151.04634
165.07322
165.07322
135.00358
149.03046
135.00358
149.03046
137.01946
137.01946
221.18074
249.2345
179.1001
165.07322
193.12698
151.04634
122.99258
73.13808
90.1894
114.1442
56.10752
67.09044
132.20528
118.17596
160.21324
182.34944
186.33784
164.24744
188.3128
184.28104
200.32136
150.22056
136.4762528
118.4857896
100.4953264
98.4794464
90.55228
132.63292
118.60604
146.6598
104.57916
76.5254
134.6488
120.62192
134.6488
148.67568
134.6488
148.67568
90.55228
148.67568
134.6488
120.62192
92.56816
146.6598
104.57916
120.62192
104.57916
104.57916
120.62192
120.62192
134.6488
148.67568
90.55228
104.57916
90.55228
104.57916
92.56816
92.56816
80.5138
134.6488
120.62192
162.61828
162.70256
148.67568
78.54128
174.35068
158.28408
158.28408
156.2682
272.47408
268.44232
138.25292
117.19124
117.19124
202.40444
186.33784
184.32196
296.49608
166.30668
314.61948
298.55288
296.537
278.52172
132.20528
132.20528
104.14908
116.20344
90.1222
132.15948
116.16008
152.26028
82.1454
102.17656
84.16128
144.2572
130.23032
112.21504
158.28408
116.20344
98.18816
144.2572
126.19856
130.18696
158.24072
121.18208
135.20896
121.18208
160.25904
166.30668
134.22116
134.22116
166.30668
182.26516
100.16068
97.16008
144.21384
196.29204
96.12892
158.24072
128.21444
144.21384
172.2676
184.2786
193.12698
240.12745
148.67568
129.2456
156.22728
130.18696
107.1552
157.21508
100.16068
130.25416
116.22728
88.17352
112.19552
74.0979832
88.1248632
60.0711032
104.1676232
104.1676232
76.1138632
104.1676232
88.1248632
88.1248632
104.1676232
104.1676232
88.1248632
88.1248632
76.1138632
104.1676232
62.0869832
150.13384
272.53884
256.47224
254.45636
236.44108
115.21872
132.27004
116.20344
116.20344
114.18756
98.18816
230.39344
226.36168
96.17228
258.51196
242.44536
240.42948
222.4142
101.19184
118.24316
102.17656
102.17656
100.16068
84.16128
242.44536
216.36656
256.42888
212.3348
178.27432
82.1454
104.10572
83.08984
116.11672
182.00405
196.03093
167.97717
212.07369
212.07369
184.01993
212.07369
196.03093
196.03093
212.07369
212.07369
182.00405
196.03093
182.00405
196.03093
184.01993
184.01993
226.10057
212.07369
240.12745
169.99305
184.28104
150.22056
99.1326
104.14908
130.23032
112.21504
206.32808
135.20896
170.25416
136.19368
121.18208
126.2224
78.13504
85.10572
90.1222
76.09532
148.22852
138.2334
196.29204
104.14908
196.29204
88.15276
90.1222
122.16988
82.1454
90.1222
82.1454
82.1454
82.1454
104.21628
104.21628
88.14968
88.14968
70.1344
66.10264
170.29508
154.29568
182.34944
170.25416
252.48384
130.23032
130.23032
112.21504
238.45696
116.20344
116.20344
98.18816
184.28104
280.5376
158.28408
140.2688
266.51072
144.2572
126.24192
242.44536
224.43008
102.17656
84.16128
144.21384
224.43008
116.20344
184.28104
210.4032
196.37632
186.33784
168.32256
104.14908
82.1454
118.17596
116.20652
104.21628
70.1344
116.20344
130.23032
130.23032
112.21504
116.20344
98.18816
158.28408
144.2572
118.24316
102.17656
98.1448
84.16128
116.20344
170.33844
156.31156
170.33844
156.31156
170.33844
100.11732
130.23032
112.21504
144.2572
130.23032
112.21504
158.28408
144.2572
170.33844
130.23032
170.25416
170.33844
156.31156
136.19368
126.2224
130.23032
130.23032
128.21444
112.21504
116.20344
116.20344
114.18756
96.17228
158.28408
144.2572
156.31156
170.33844
150.22056
158.28408
156.2682
140.2688
144.2572
142.24132
102.17656
144.21384
150.22056
118.24316
104.21628
214.3916
212.37572
186.33784
170.33844
156.31156
170.33844
126.2224
144.2572
170.33844
170.25416
170.33844
156.31156
136.19368
130.23032
128.21444
156.31156
170.33844
150.22056
158.28408
144.2572
126.24192
156.31156
170.33844
150.22056
170.33844
214.3916
170.33844
126.2224
170.25416
170.33844
156.31156
136.19368
136.23704
149.23584
170.33844
150.22056
158.28408
156.2682
170.33844
150.22056
186.33784
170.25416
170.33844
156.31156
136.19368
150.22056
150.22056
170.25416
170.33844
170.25416
184.28104
135.20896
146.23216
112.21504
98.18816
152.2798
112.21504
98.18816
152.2798
120.15092
122.1668
132.16192
168.23828
86.1338
86.1338
83.1332
102.1332
130.18696
158.24072
116.16008
144.21384
87.16496
102.1332
114.18756
113.20284
156.31156
182.26516
184.36532
214.34824
100.11732
82.10204
254.49972
114.23092
144.21384
172.2676
240.47284
114.18756
100.20404
130.18696
130.18696
130.1894
142.2004
282.55348
142.28468
268.5266
142.24132
128.2578
158.24072
226.44596
100.16068
86.17716
97.16008
116.16008
93.12832
81.11732
143.1882
212.41908
86.1338
116.22728
102.2004
74.14664
98.16864
338.661
198.3922
184.32196
170.33844
116.16008
131.17476
131.17476
103.121
131.17476
131.17476
131.17476
214.22368
103.121
103.121
131.17476
159.22852
89.09412
300.5926
284.526
282.51012
264.49484
160.3238
144.2572
144.2572
142.24132
258.4472
254.41544
124.22604
94.1564
286.56572
270.49912
268.48324
250.46796
129.2456
146.29692
146.29692
130.23032
130.23032
128.21444
240.12745
298.55288
244.42032
284.48264
240.38856
110.19916
142.19796
244.48508
228.41848
226.4026
208.38732
104.21628
70.1344
202.33968
198.30792
68.11852
136.19368
148.24804
136.19368
148.24804
138.2334
122.1668
148.24804
118.1784
158.28408
144.2572
130.23032
112.21504
158.24316
174.28592
135.20896
170.25416
128.21444
144.21384
136.19368
121.18208
126.2224
85.10572
164.24744
192.3012
149.23584
184.28104
150.22056
178.27432
178.27432
178.27432
164.24744
164.24744
164.24744
149.23584
184.28104
150.22056
230.4582
214.3916
212.37572
196.37632
286.56572
216.43132
200.36472
198.34884
180.33356
188.37756
172.31096
172.31096
170.29508
282.4692
152.2798
196.29204
196.29204
196.29204
196.29204
118.1784
182.26516
96.0520296
170.33844
144.2572
156.31156
142.28468
170.33844
170.33844
156.31156
170.33844
170.33844
170.33844
130.23032
112.21504
130.23032
170.33844
156.31156
170.33844
142.28468
128.2578
170.33844
156.31156
158.28408
156.31156
170.33844
170.33844
144.2572
170.33844
170.33844
142.28468
170.33844
156.31156
170.33844
158.28408
170.33844
156.31156
170.33844
229.9424
124.99704
141.0398
110.97016
142.28468
144.2572
156.31156
142.28468
170.33844
128.2578
108.1312064
323.94334
118.17596
102.17656
84.16128
82.1454
130.23032
112.21504
116.20344
98.18816
96.17228
102.17656
102.17656
100.16068
130.23032
112.21504
130.23032
128.21444
116.20344
114.18756
104.21628
118.24316
170.33844
166.30668
156.31156
170.33844
144.2572
170.33844
152.2798
170.33844
156.31156
170.33844
170.33844
128.17108
100.16068
97.16008
110.19916
96.17228
170.33844
128.2578
114.23092
156.31156
142.28468
100.20404
100.16068
130.25416
116.22728
182.26516
158.28408
156.31156
170.33844
170.33844
144.2572
130.23032
112.21504
130.23032
112.21504
170.33844
144.2572
170.33844
112.21504
112.21504
142.28468
170.33844
156.31156
158.28408
170.33844
170.33844
170.33844
170.33844
142.28468
170.33844
156.31156
136.19368
170.33844
156.31156
170.33844
257.99616
243.96928
124.99704
162.01784
188.01236
161.03004
156.31156
142.28468
170.33844
150.22056
114.1442
152.26028
130.23032
112.21504
116.20344
98.18816
96.17228
150.22056
130.23032
128.21444
116.20344
114.18756
118.24316
170.33844
266.42644
156.31156
170.33844
130.23032
158.28408
156.31156
170.33844
170.33844
158.28408
170.33844
156.31156
170.33844
150.22056
170.33844
150.22056
112.21504
98.18816
112.21504
112.21504
98.18816
112.21504
121.18208
182.26516
170.33844
96.12892
128.2578
114.23092
156.31156
142.28468
98.18816
107.1552
157.21508
132.20528
100.16068
112.19552
138.2334
182.13572
122.1668
144.2572
158.28408
144.2572
142.24132
158.24072
186.29448
170.33844
156.31156
170.33844
170.33844
149.23584
206.32808
178.27432
204.35556
161.03004
156.31156
170.33844
150.22056
152.26028
130.23032
112.21504
150.22056
130.23032
156.31156
170.33844
144.2572
130.23032
130.23032
158.28408
156.31156
170.33844
150.22056
144.2572
142.24132
170.33844
170.33844
170.33844
170.33844
112.21504
112.21504
121.18208
182.26516
170.33844
128.2578
156.31156
142.28468
107.1552
132.20528
138.2334
182.13572
122.1668
170.33844
170.33844
170.33844
144.2572
158.28408
170.33844
158.28408
170.33844
156.31156
142.28468
157.21508
312.5364
158.28408
158.28408
140.2688
158.28408
158.28408
158.28408
170.33844
156.31156
200.32136
228.37512
157.21508
170.33844
157.21508
110.19916
96.17228
130.25416
116.22728
110.19916
96.17228
130.25416
110.19916
110.19916
96.17228
130.25416
116.22728
110.19916
96.17228
130.25416
110.19916
100.16068
148.67568
103.16436
88.15276
104.17292
89.13748
75.1106
89.13748
101.19184
101.19184
115.21872
101.19184
135.00358
149.03046
120.9767
149.03046
149.03046
135.00358
165.07322
149.03046
149.03046
165.07322
149.03046
149.03046
165.07322
151.04634
132.20528
150.22056
90.55228
104.57916
76.5254
162.70256
148.67568
134.6488
124.99704
104.57916
104.57916
118.60604
90.55228
120.62192
104.57916
162.70256
162.70256
134.6488
104.57916
148.67568
134.6488
162.70256
120.62192
104.57916
104.57916
195.4748
134.6488
120.62192
110.1558
364.69888
158.28408
156.2682
138.25292
102.17964
186.33784
184.32196
166.30668
278.52172
104.14908
152.26028
144.2572
130.23032
112.21504
158.28408
116.20344
98.18816
96.17228
142.28468
142.28468
142.28468
142.28468
142.28468
142.28468
142.28468
140.24928
144.2572
130.23032
142.28468
128.2578
114.23092
116.20344
114.18756
98.18816
118.24316
142.28468
144.2572
130.23032
112.21504
110.19916
128.21444
142.28468
128.2578
158.24072
158.28408
116.20344
170.33844
128.21444
142.28468
128.2578
121.18208
158.28408
170.33844
142.28468
158.28408
112.21504
134.22116
112.21504
182.26516
110.19916
96.17228
170.33844
196.29204
96.12892
128.2578
114.23092
144.21384
156.31156
142.28468
100.20404
107.1552
157.21508
100.16068
130.25416
116.22728
112.19552
74.0979832
88.1248632
60.0711032
88.1248632
88.1248632
74.0979832
104.1676232
88.1248632
104.1676232
88.1248632
88.1248632
104.1676232
236.44108
116.20344
116.20344
114.18756
98.18816
98.18816
96.17228
242.44536
240.42948
222.4142
118.24316
102.17656
102.17656
100.16068
82.1454
88.10632
88.10632
182.00405
196.03093
167.97717
196.03093
196.03093
182.00405
212.07369
196.03093
212.07369
196.03093
196.03093
226.10057
212.07369
150.22056
158.28408
142.28468
136.19368
121.18208
126.2224
106.14544
104.14908
90.1222
72.10692
86.1338
118.17596
85.10572
134.1992
138.2334
152.26028
196.29204
68.11852
196.29204
82.1454
104.14908
82.1454
82.1454
82.1454
82.1454
104.21628
88.14968
70.1344
68.11852
130.23032
112.21504
115.21872
116.20344
116.20344
98.18816
96.17228
124.22604
158.28408
144.2572
102.17656
102.17656
84.16128
82.1454
130.1894
118.17596
112.08496
104.21628
88.14968
88.14968
100.11732
116.20344
98.18816
144.2572
130.23032
112.21504
126.2224
130.23032
128.21444
116.20344
114.18756
130.23032
112.21504
184.28104
150.22056
158.28408
144.2572
142.24132
126.24192
102.17656
100.16068
100.16068
84.16128
184.28104
150.22056
118.24316
104.21628
170.33844
156.31156
170.33844
100.11732
130.23032
112.21504
130.23032
170.33844
156.31156
114.23092
130.23032
112.21504
116.20344
158.28408
144.2572
102.17656
144.21384
170.33844
156.31156
170.33844
126.2224
144.2572
170.33844
156.31156
136.19368
130.23032
130.23032
128.21444
156.31156
170.33844
150.22056
144.2572
142.24132
156.31156
170.33844
150.22056
170.33844
170.33844
170.33844
156.31156
136.19368
126.2224
170.33844
150.22056
158.28408
170.33844
150.22056
170.33844
156.31156
136.19368
170.33844
135.20896
112.21504
98.18816
84.16128
112.21504
98.18816
112.21504
98.18816
84.16128
112.21504
98.18816
105.13688
120.15092
122.1668
168.23828
86.1338
83.1332
102.1332
158.24072
87.16496
114.18756
96.17228
96.17228
113.20284
82.1454
156.31156
182.26516
184.36532
82.10204
254.49972
114.23092
240.47284
114.18756
100.20404
100.20404
130.18696
143.1882
282.55348
142.28468
172.2676
268.5266
128.2578
158.24072
226.44596
100.16068
86.17716
97.16008
116.16008
93.12832
81.11732
143.1882
212.41908
86.1338
116.22728
102.2004
98.16864
198.3922
170.33844
131.17476
131.17476
191.1095096
131.17476
264.49484
144.2572
144.2572
142.24132
124.22604
270.49912
268.48324
250.46796
130.23032
128.21444
110.19916
228.41848
208.38732
87.16496
104.21628
148.24804
100.16068
144.2572
136.19368
126.2224
104.11124
123.11124
150.22056
150.22056
214.3916
212.37572
194.36044
200.36472
198.34884
180.33356
172.31096
170.29508
154.29568
152.2798
196.29204
182.26516
259.22128
335.31904
170.33844
170.33844
156.31156
170.33844
169.09356
156.31156
170.33844
130.23032
112.21504
116.20344
98.18816
96.17228
130.23032
168.32256
116.20344
114.18756
96.17228
118.24316
144.2572
156.31156
170.33844
130.23032
128.21444
158.28408
170.33844
170.33844
112.21504
98.18816
112.21504
98.18816
110.19916
96.17228
170.33844
128.2578
156.31156
142.28468
130.25416
144.2572
170.33844
170.33844
272.02304
170.33844
130.23032
112.21504
158.28408
130.23032
112.21504
170.33844
130.23032
170.33844
112.21504
112.21504
170.33844
156.31156
142.28468
157.21508
158.28408
184.28104
144.2572
158.28408
144.2572
158.28408
170.33844
156.31156
157.21508
158.28408
158.28408
170.33844
157.21508
110.19916
110.19916
178.27432
89.13748
89.13748
117.19124
89.13748
135.00358
149.03046
149.03046
149.03046
149.03046
149.03046
149.03046
179.1001
149.23584
150.22056
88.5364
90.55228
104.57916
134.6488
118.60604
104.57916
146.6598
104.57916
132.63292
104.57916
225.5542696
148.67568
162.70256
104.57916
104.57916
134.6488
158.28408
156.2682
140.2688
138.25292
184.32196
132.20528
152.26028
130.23032
112.21504
171.32624
142.28468
142.28468
142.28468
130.23032
142.28468
128.2578
121.18208
142.28468
130.23032
142.28468
144.2572
170.33844
142.28468
158.28408
170.33844
210.31892
112.21504
134.22116
134.22116
112.21504
182.26516
110.19916
96.17228
170.33844
196.29204
128.2578
156.31156
142.28468
107.1552
130.25416
74.0979832
88.1248632
88.1248632
88.1248632
88.1248632
88.1248632
150.13384
115.21872
116.20344
114.18756
158.24072
192.3012
88.10632
182.00405
196.03093
196.03093
196.03093
196.03093
196.03093
226.10057
149.23584
150.22056
160.25904
164.24744
124.22604
158.28408
135.20896
142.28468
170.33844
156.31156
136.19368
121.18208
166.1766
138.2334
152.26028
196.29204
196.29204
82.1454
82.1454
130.23032
112.21504
116.20344
116.20344
98.18816
115.21872
96.17228
158.28408
144.2572
102.17656
84.16128
82.1454
130.1894
144.2572
130.23032
112.21504
136.19368
130.23032
115.21872
116.20344
114.18756
96.17228
158.28408
158.28408
144.2572
150.22056
102.17656
100.16068
84.16128
82.1454
158.28408
144.2572
150.22056
118.24316
104.21628
170.33844
170.33844
170.33844
130.23032
112.21504
130.23032
144.2572
112.21504
112.21504
170.33844
156.31156
136.19368
130.23032
112.21504
116.20344
114.18756
144.2572
142.24132
150.22056
118.24316
170.33844
156.31156
130.23032
156.31156
170.33844
158.28408
144.2572
156.31156
170.33844
170.33844
158.28408
170.33844
156.31156
170.33844
170.33844
170.33844
156.31156
170.33844
135.20896
149.23584
149.23584
112.21504
98.18816
84.16128
112.21504
100.11732
112.21504
98.18816
84.16128
112.21504
122.1668
168.23828
114.18756
96.17228
113.20284
82.1454
156.31156
182.26516
114.23092
130.18696
143.1882
142.28468
128.2578
100.16068
97.16008
116.16008
93.12832
143.1882
116.22728
170.33844
115.132
214.22368
172.2676
144.2572
144.2572
142.24132
126.24192
220.35496
220.35496
124.22604
158.24072
130.23032
130.23032
128.21444
206.32808
110.19916
100.11732
128.17108
164.24744
140.2688
158.28408
142.28468
170.33844
156.31156
136.19368
121.18208
164.24744
149.23584
150.22056
178.27432
178.27432
164.24744
162.27492
149.23584
156.31156
170.33844
150.22056
160.25904
170.29508
152.2798
120.15092
166.30668
166.30668
152.2798
152.2798
130.23032
112.21504
158.28408
130.23032
158.28408
124.22604
130.23032
112.21504
112.21504
170.33844
156.31156
300.0768
144.2572
170.33844
157.21508
157.21508
157.21508
103.16436
149.03046
163.05734
149.03046
149.03046
149.03046
188.3128
182.34944
200.36472
184.36532
118.60604
104.57916
118.60604
104.57916
104.57916
104.57916
162.70256
158.28408
156.2682
138.25292
184.32196
160.25904
144.2572
142.28468
172.31096
138.25292
134.22116
170.33844
156.31156
88.1248632
88.1248632
88.1248632
196.03093
196.03093
196.03093
170.33844
130.23032
130.23032
112.21504
116.20344
98.18816
96.17228
158.28408
144.2572
144.2572
130.23032
128.21444
116.20344
114.18756
115.21872
96.17228
158.28408
150.22056
158.28408
144.2572
142.24132
178.27432
150.22056
164.24744
118.24316
158.28408
144.2572
170.33844
130.23032
128.21444
112.21504
116.20344
116.20344
114.18756
158.28408
118.24316
170.33844
158.28408
140.2688
144.2572
170.33844
158.28408
112.21504
98.18816
112.21504
112.21504
98.18816
112.21504
156.31156
128.21444
130.18696
142.28468
143.1882
170.33844
144.2572
142.24132
170.33844
172.31096
170.29508
152.2798
120.19428
144.2572
157.21508
157.21508
112.17476
117.19124
163.05734
146.6598
186.33784
184.32196
166.30668
160.25904
158.28408
157.21508
130.23032
112.21504
144.2572
130.1894
129.2456
130.23032
128.21444
112.21504
172.2676
158.28408
130.23032
130.23032
128.21444
112.21504
172.2676
144.2572
144.2572
242.44536
199.38
112.21504
112.21504
112.21504
112.21504
186.29448
143.1882
143.1882
170.33844
178.27432
172.31096
170.29508
158.28408
212.37572
268.5266
184.28104
158.28408
144.2572
126.24192
130.1894
158.28408
144.2572
144.2572
142.24132
126.24192
124.22604
158.28408
144.2572
142.24132
158.24072
143.1882
198.3922
210.4032
194.36044
198.34884
157.21508
145.16072
158.28408
140.2688
158.28408
138.25292
143.1882
172.2676
143.1882
142.24132
226.4026
210.4032
344.62436
364.69888
256.47224
254.45636
324.63412
254.49972
298.50952
252.48384
250.46796
136.23704
90.1222
215.91552
127.01292
210.31892
117.19124
103.16436
136.23704
165.19188
121.18208
121.18208
121.18208
172.31404
116.20652
88.15276
102.17964
260.33852
149.23584
116.20652
102.17964
116.20652
102.17964
137.22484
116.20652
149.23584
157.29936
87.16496
87.1216
121.18208
88.15276
73.09472
241.46064
151.165
97.16008
104.15216
129.20532
149.23584
116.20652
88.15276
101.19184
99.17596
135.20896
135.20896
135.20896
89.13748
129.2456
135.20896
129.2456
121.18208
73.09472
149.23584
116.20652
129.2456
135.20896
102.17964
129.2456
99.1326
73.09472
107.1552
113.20284
143.27248
199.38
59.06784
81.11732
115.1992
138.12592
116.20652
135.20896
115.21872
102.17964
149.23584
149.23584
115.21872
138.2334
180.2902
176.3018
132.20528
195.4748
154.25232
154.2114
152.19552
118.17596
44.05316
59.06784
59.06784
135.1656
60.05256
102.08984
177.20288
58.08004
85.10572
41.05256
120.15092
78.49792
100.11732
26.03788
179.2212
56.06416
71.07884
72.06356
53.06356
146.143
108.143
40.06476
100.11732
58.08004
128.17108
86.1338
86.09044
114.1442
126.1552
114.1442
130.18696
57.09532
92.5248
136.19368
134.1778
138.2334
118.1784
136.23704
136.23704
136.23704
136.23704
71.509819
266.693539
133.339639
407.694949
56.06724
17.03056
44.05624
76.12224
148.20468
93.12832
149.23584
108.13992
178.2334
208.21632
299.0205
361.469
228.1151
502.47041
314.63359
169.913606
181.27969
131.9167996
455.635
197.84138
77.94541
210.0
128.17352
228.29328
106.12404
121.13872
78.11364
117.15032
124.20652
136.19368
122.12344
103.12344
182.2218
134.20164
195.4748
146.1119096
140.5688
242.231
150.1772
108.13992
212.24808
126.58528
161.03004
136.19368
136.15032
107.1552
168.820182
79.917582
262.821122
136.23704
136.23704
136.23704
72.06356
50.05988
166.30668
143.01232
370.57308
242.44536
390.56332
241.46064
174.35068
114.95856
124.1424
212.3348
108.22852
303.972386
448.69237
315.33847
228.29084
80.50086
250.523
117.1691
67.8062096
159.808
157.0097
165.3645064
129.38358
181.8188032
130.9197464
108.9657
252.73094
198.2731
160.9212096
148.9102096
54.09164
58.1234
74.1228
158.24072
158.24072
116.16008
128.17108
178.23096
144.21384
230.4582
258.51196
102.1332
186.29448
188.37756
314.61948
172.2676
174.35068
130.23032
144.21384
99.1326
83.1332
90.1894
142.19796
214.34824
216.43132
200.32136
202.40444
300.5926
160.3238
130.18696
116.20344
340.59016
286.56572
272.53884
244.48508
158.24072
100.16068
73.13808
134.22116
140.2688
126.24192
72.10692
88.10632
158.19736
69.10632
136.23704
152.23644
79.48572
44.0098
44.0098
76.143
76.143
28.0104
28.0104
331.627
153.8218
88.0046128
519.62888
98.9158
66.0072064
66.0072064
60.0764
310.52052
70.9054
67.4515
182.9012
54.4511032
86.9048
130.444716
92.4479096
78.49792
94.49732
112.94268
112.5584
86.4684464
94.61578
68.4779832
119.37704
80.5138
154.466716
88.5364
116.52484
116.4699096
104.4589096
386.66164
154.9003
228.29328
126.24192
108.18328
108.18328
126.24192
132.20528
132.20528
140.2688
140.2688
96.94328
110.97016
64.0346864
112.21504
98.18816
124.99704
110.97016
112.21504
98.18816
68.11852
112.21504
135.00358
219.16486
247.21862
359.43366
317.35302
177.08422
303.32614
163.05734
345.40678
205.13798
331.3799
191.1111
289.29926
149.03046
120.9767
275.27238
261.2455
233.19174
149.03046
149.03046
90.55228
174.71356
202.76732
314.98236
272.90172
132.63292
258.87484
118.60604
300.95548
160.68668
286.9286
146.6598
244.84796
104.57916
76.5254
230.82108
216.7942
188.74044
104.57916
104.57916
74.0979832
158.2592632
186.3130232
298.5280632
256.4474232
116.1786232
242.4205432
102.1517432
284.5011832
144.2323832
270.4743032
130.2055032
228.3936632
88.1248632
60.0711032
214.3667832
200.3399032
172.2861432
74.0979832
88.1248632
88.1248632
182.00405
266.16533
294.21909
406.43413
364.35349
224.08469
350.32661
210.05781
392.40725
252.13845
378.38037
238.11157
336.29973
196.03093
167.97717
322.27285
308.24597
280.19221
196.03093
196.03093
132.20528
132.20528
132.20528
140.2688
118.1784
124.99704
208.30304
82.1454
82.1454
56.10752
86.09044
140.2688
168.32256
74.0979832
98.18816
84.16128
100.11732
114.18756
113.20284
112.21504
70.1344
100.11732
154.29568
118.60604
98.18816
84.16128
128.17108
114.18756
113.20284
142.24132
112.21504
66.10264
100.11732
146.6598
114.18756
113.20284
112.21504
154.29568
140.2688
154.29568
322.61824
70.09104
67.09044
138.25292
106.12712
180.24928
130.10024
156.2682
172.97054
108.13992
70.09104
86.09044
120.19428
152.19308
52.03548
52.03548
105.92174
61.47044
61.47044
45.0161432
84.08072
56.10752
54.09164
140.2688
168.32256
280.5376
238.45696
98.18816
96.17228
224.43008
84.16128
113.20284
116.22728
100.16068
98.1448
113.15948
82.1454
142.19796
128.17108
125.17048
116.16008
99.17596
160.25904
266.51072
126.24192
252.48384
112.21504
110.19916
210.4032
66.10264
70.1344
128.17108
102.2004
84.11792
68.11852
42.08064
86.09044
196.37632
182.34944
154.29568
134.22116
122.22116
238.028032
138.25292
370.7727
310.6884
156.2682
142.28468
153.2676
172.2676
200.32136
158.28408
228.37512
176.72944
186.29448
174.35068
214.34824
157.29936
218.38244
224.43008
210.4032
314.468
285.47288
190.28288
190.23952
176.256
190.28288
370.57308
158.28408
101.19184
130.23032
130.23032
146.29692
129.2456
146.22972
178.36292
130.23032
142.24132
146.29692
178.29572
116.16008
196.20288
188.3128
168.19492
167.2102
184.26152
198.26456
27.66964
106.5657
235.90576
209.8158064
173.83488
178.36292
130.23032
228.2884
278.34828
210.29452
146.29692
178.29572
129.2456
112.94268
128.94208
147.38744
195.4748
124.99704
120.9132064
129.06054
253.2023
98.95916
96.94328
102.9227432
84.93228
191.13142
141.0398
112.98604
110.97016
141.07154
270.37148
198.37268
181.32136
180.33356
346.68548
298.55288
446.67084
314.61948
297.56816
353.67568
105.13688
104.14908
118.1326
122.2554
74.1228
86.1338
172.18088
160.16988
146.143
222.24076
174.19676
154.187
90.1894
138.1876
73.13808
134.22116
129.2456
140.2688
213.40688
241.46064
353.67568
106.1216
218.33664
162.22912
134.17536
176.21264
162.22912
204.2664
132.20284
103.16744
367.70256
311.59504
171.32624
297.56816
157.29936
115.21872
339.6488
199.38
325.62192
185.35312
283.54128
143.27248
115.21872
269.5144
255.48752
227.43376
52.0236864
151.26764
134.08864
262.5242
214.3916
362.50956
230.4582
213.40688
314.46556
234.47044
186.33784
202.40444
185.35312
267.83582
142.24132
278.34828
146.29692
178.29572
129.2456
418.61708
390.56332
206.41668
158.28408
174.35068
157.29936
150.30916
102.17656
118.24316
101.19184
162.27492
84.07456
162.1424
120.22358
90.07884
200.23464
94.20164
46.06904
194.187
144.12712
122.1668
194.187
60.17102
146.143
126.13324
62.13564
78.13504
194.187
115.21872
115.21872
115.21872
244.24688
115.21872
115.21872
115.21872
115.21872
87.16496
101.19184
101.19184
54.09164
92.503879
45.08432
101.19184
185.35312
353.67568
213.40688
325.62192
89.13748
73.13808
339.6488
283.54128
143.27248
269.5144
129.2456
101.19184
87.16496
156.22728
311.59504
171.32624
297.56816
157.29936
255.48752
115.21872
241.46064
367.70256
227.43376
199.38
318.63172
270.49912
418.61708
286.56572
269.5144
290.57796
242.44536
258.51196
241.46064
206.41668
174.35068
157.29936
170.2108
178.2334
169.22608
168.23828
250.25668
150.30916
102.17656
200.23464
250.29452
118.24316
150.24196
162.22912
148.20224
62.21864
268.8872
170.1614192
78.21804
178.36292
178.36292
474.7246
325.62192
70.09104
310.60724
325.62192
384.84294
184.32196
170.33844
181.32136
200.32136
228.37512
214.34824
185.35312
246.4362
252.48384
238.45696
296.537
282.55348
293.5364
312.5364
297.56816
358.65124
364.69888
350.672
113.15948
114.1442
132.20284
30.06964
128.5792
130.18696
114.1442
172.2676
130.18696
130.18696
114.1442
128.17108
158.24072
200.32136
158.24072
144.21384
88.10632
100.11732
46.06904
150.1772
116.16008
102.17656
118.24316
64.5144
122.55108
108.5242
114.1442
113.11612
200.32136
202.40444
230.4582
104.14908
48.0601032
74.07944
300.5926
158.24072
144.2572
160.3238
286.56572
144.21384
130.23032
146.29692
155.96617
116.16008
102.17656
71.07884
55.07944
116.20344
88.14968
100.16068
130.18696
118.1326
62.13564
114.1442
140.16012
186.29448
188.37756
314.61948
172.2676
158.28408
174.35068
272.53884
130.18696
116.20344
132.27004
102.1332
86.1338
88.14968
104.21628
102.17656
126.13324
102.17656
258.51196
114.1442
128.17108
244.48508
214.34824
216.43132
166.1766
72.10692
146.18636
101.19184
101.19184
130.1436
54.09164
45.08432
106.1674
138.1662
101.19184
84.16128
112.21504
98.18816
70.1344
185.35312
353.67568
213.40688
325.62192
28.05376
88.06296
62.06844
146.143
170.165
118.17596
152.06364
118.17596
146.22972
130.1436
104.14908
44.05316
60.11976
60.099
43.06844
339.6488
283.54128
143.27248
269.5144
129.2456
146.143
120.19428
101.19184
87.16496
311.59504
171.32624
122.21016
297.56816
157.29936
255.48752
115.21872
87.16496
241.46064
367.70256
227.43376
199.38
102.13564
162.2051
202.2554
166.2224
37.9968064
53.9962064
96.1041032
70.0141496
30.02628
45.04096
121.13872
46.02568
116.07336
68.07516
96.08556
98.10144
176.0811
86.09044
136.23704
76.64176
179.97604
392.226
214.4208
132.11612
114.10084
94.11612
92.09472
356.5462
218.20656
76.05196
58.03668
124.13932
197.3818496
296.58036
307.56328
311.59504
372.67812
364.69888
254.45636
240.47284
251.45576
270.45576
256.47224
255.48752
316.5706
322.61824
308.59136
170.0297624
100.20404
160.16988
111.18696
130.18696
158.24072
186.29448
144.21384
214.34824
132.27004
390.56332
200.32136
172.2676
418.61708
115.21872
176.3018
182.34944
168.32256
84.16128
260.7602
284.7822
272.7712
236.7382
533.15202
240.42948
226.44596
237.42888
256.42888
241.46064
308.59136
294.56448
82.1454
246.4362
166.0228192
186.0564192
138.0124192
150.0234192
162.27492
222.46362
162.27492
161.3946
162.37932
168.19556
116.20652
99.17596
100.16068
86.17716
155.06668
97.16008
116.16008
186.29448
186.29448
144.21384
172.2676
130.18696
214.34824
200.32136
186.29448
118.24316
116.20344
186.29448
158.24072
101.19184
162.27492
168.32256
154.29568
71.07884
32.04524
184.24076
80.91194
36.46064
27.02568
27.02568
66.14788
20.0063432
127.91241
34.01468
80.97588
34.08188
129.61588
57.05196
33.02996
206.28472
118.1784
116.16252
117.15032
253.80894
259.8932924
204.01017
393.73235
195.899
304.47288
214.34824
58.1234
74.1228
56.10752
168.32256
158.24072
172.2676
116.16008
128.17108
144.21384
130.23032
102.1332
186.29448
184.32196
172.2676
144.21384
99.1326
83.1332
90.1894
142.19796
158.24072
130.18696
100.16068
73.13808
134.22116
140.2688
126.24192
72.10692
88.10632
69.10632
156.2682
158.28408
130.23032
158.24072
130.18696
116.16008
186.29448
172.2676
172.2676
144.21384
154.29568
138.20956
222.2872
166.13324
203.02396
302.457
68.11852
100.11732
144.21384
102.1332
114.1442
60.09592
130.18696
214.34824
88.10632
130.18696
116.20344
69.10632
76.16252
128.17108
186.29448
144.21384
152.26028
116.16008
270.45576
86.1338
116.20344
59.1112
126.24192
112.21504
84.16128
311.59504
129.16132
69.06296
130.10024
42.03728
90.07884
71.07884
116.11672
136.23704
146.18944
171.03658
127.57308
175.01356
157.556
128.5578
126.58528
108.13992
134.22116
235.90576
147.00316
134.22116
114.0945664
162.27492
194.27372
168.10884
130.1894
121.18208
122.1668
132.20528
138.2334
120.19428
110.1309832
118.1784
124.20652
138.12592
137.13812
108.143
230.30916
122.16988
107.1552
106.1674
116.07336
98.05808
78.07336
104.06236
66.06236
360.398
271.4954
454.39894
98.1448
120.19428
90.1222
215.91552
127.01292
210.31892
70.09104
86.09044
67.09044
16.04276
114.55232
140.18824
90.07884
90.1222
102.17656
102.17656
102.17656
116.16008
102.17656
130.18696
114.1442
128.17108
102.17656
116.16008
100.11732
128.17108
114.1442
128.17108
102.17656
74.07944
116.11672
86.09044
32.04216
136.15032
94.93882
102.1332
88.14968
104.21628
50.48752
108.5242
94.49732
80.5889
100.11732
128.17108
99.08924
186.29448
188.37756
115.03366
214.34824
216.43132
60.09592
72.10692
76.16252
34.0332232
60.05256
286.56572
144.21384
146.29692
272.53884
130.18696
132.27004
141.93929
102.1332
88.14968
57.05196
41.05256
116.16008
84.11792
74.1228
86.1338
90.1894
104.10572
48.10876
100.11732
314.61948
172.2676
174.35068
300.5926
158.24072
160.3238
296.49364
258.51196
116.16008
102.17656
118.24316
124.20652
88.10632
122.2554
74.1228
86.1338
154.187
90.1894
152.14972
88.14968
46.14414
88.14968
102.17656
244.48508
100.11732
128.17108
114.1442
128.17108
114.1442
149.47842
230.4582
200.32136
202.40444
58.08004
101.19184
101.19184
101.19184
101.19184
101.19184
101.19184
87.16496
73.13808
87.16496
87.16496
40.06476
76.09532
31.05744
168.23828
70.1344
98.18816
114.18756
80.12952
160.25904
84.16128
56.10752
171.32624
87.16496
115.21872
255.48752
115.21872
339.6488
199.38
311.59504
75.1106
115.21872
115.21872
59.1112
115.21872
115.21872
101.19184
101.19184
108.143
325.62192
269.5144
129.2456
255.48752
115.21872
87.16496
73.13808
142.2004
297.56816
157.29936
108.18328
283.54128
143.27248
241.46064
82.1454
101.19184
115.21872
93.12832
118.1784
367.70256
227.43376
353.67568
213.40688
185.35312
127.01292
209.9304192
162.61828
61.08372
87.1216
90.1222
172.2676
118.17596
228.29328
128.17352
302.457
172.2676
130.18696
130.18696
130.18696
170.735
187.898396
63.01288
30.00614
134.1406
123.11124
75.06724
28.01348
46.00554
108.01048
92.01108
120.36484
71.0019496
76.01168
61.04036
65.45884
49.0045432
44.01288
282.51012
268.5266
279.50952
298.50952
283.54128
344.62436
350.672
336.64512
128.2578
139.24072
158.24072
186.29448
214.34824
172.2676
160.3238
200.32136
143.27248
204.35556
210.4032
196.37632
220.35496
164.24744
171.03658
127.57308
156.5682
157.556
128.5578
126.58528
108.13992
134.22116
235.90576
147.00316
134.22116
114.0945664
168.10884
121.18208
122.1668
132.20528
138.2334
120.19428
110.1309832
192.3012
118.1784
124.20652
138.12592
153.13752
137.13812
108.143
230.30916
136.15032
107.1552
106.1674
112.21504
112.21504
607.30656
268.48324
254.49972
265.48264
284.48264
269.5144
330.59748
336.64512
322.61824
200.0312256
200.0312256
212.0422256
188.0202256
296.61816
236.53386
114.23092
114.23092
125.21384
144.21384
172.2676
130.23032
200.32136
158.24072
146.29692
214.34824
186.29448
129.2456
190.32868
196.37632
182.34944
254.1976
90.03548
69.06296
31.9988
47.9982
197.23956
169.22608
184.24076
184.24076
108.09656
171.03658
127.57308
180.5566696
157.556
128.5578
126.58528
108.13992
212.29144
134.22116
235.90576
147.00316
134.22116
114.0945664
162.27492
194.27372
149.19248
168.10884
121.18208
122.1668
132.20528
138.2334
120.19428
110.1309832
110.11244
122.12344
144.21628
172.2676
124.13932
118.1784
124.20652
138.12592
137.13812
137.18148
108.143
230.30916
164.24744
162.27492
166.21996
206.32808
120.15092
136.15032
107.1552
106.1674
302.457
132.15948
65.14234
250.33744
202.29344
220.2839032
352.68788
367.70256
226.4026
212.41908
223.402
242.402
227.43376
288.51684
294.56448
280.5376
218.38244
120.021956
216.0306256
148.24804
164.24744
86.1338
100.11732
102.1332
88.14968
130.18696
158.24072
116.16008
200.32136
186.29448
104.21628
214.34824
172.2676
144.21384
87.16496
148.24804
154.29568
140.2688
100.45824
102.4493032
150.048236
238.028032
200.0312256
76.05196
178.2334
122.1668
94.11304
150.1772
150.1772
119.12284
110.17964
154.2114
108.143
98.9158
33.997582
161.909992
219.891448
137.331862
158.8743716
222.277524
30.973762
30.973762
153.331262
208.237262
169.397862
270.685762
120.15092
166.13324
148.11796
302.457
86.13688
44.09652
74.07944
56.06416
74.50952
122.21016
58.08004
130.1436
55.07944
144.21384
102.1332
114.1442
60.09592
164.20408
130.18696
132.27004
214.34824
216.43132
244.48508
88.10632
314.61948
172.2676
174.35068
300.5926
158.24072
160.3238
130.18696
85.10572
69.10632
102.17656
76.16252
128.17108
202.40444
186.29448
188.37756
286.56572
144.21384
146.29692
152.26028
116.16008
272.53884
258.51196
230.4582
86.1338
59.1112
120.19428
126.24192
112.21504
84.16128
42.08064
102.08984
132.20284
146.18636
90.1222
132.15948
57.09532
101.19184
80.08924
202.2554
80.08924
79.10144
80.08924
110.11244
67.09044
71.1222
88.06296
129.16132
110.11244
484.4098
196.062016
75.1106
158.28408
104.17292
122.12344
138.12284
74.1228
116.16008
128.17108
144.21384
144.21384
102.1332
83.1332
90.1894
88.14968
88.14968
158.24072
130.18696
100.16068
73.13808
134.22116
140.2688
126.24192
144.21384
130.18696
148.24804
110.9588
192.9504192
165.8648
220.7708
123.037
32.11726
197.8933032
120.5334096
189.90938
242.3446032
101.00678
136.9877064
68.0981864
283.91032
158.01379
111.01332
66.56202
50.1077232
268.80544
135.45154
153.4420032
86.0886496
169.8963
104.0791128
68.11852
122.74176
438.326
260.5208
626.32788
124.78082
414.7154
180.24928
104.15152
118.08924
100.07396
99.08924
80.08924
342.30008
120.17232
32.066
102.9714
64.0648
146.0564192
135.0374
108.0596128
80.0642
98.07948
134.9702
90.1222
241.5904192
269.4108
136.23704
143.27248
199.38
74.1228
144.21384
116.16008
128.17108
144.21384
102.1332
130.23032
83.1332
90.1894
130.18696
100.16068
116.16008
73.13808
134.22116
140.2688
126.24192
172.2676
202.40444
102.17656
160.3238
146.29692
129.2456
206.32808
130.18696
88.14968
53.3234
165.8328
221.9208
338.661
353.67568
458.99748
212.37572
198.3922
209.37512
228.37512
214.3916
213.40688
280.5376
266.51072
323.4468
194.22792
222.28168
144.3323
118.0308928
100.0156128
104.0070928
72.10692
102.1332
156.2682
88.17352
384.84294
88.22478
196.03316
196.03316
332.4448
320.4338
122.4214
74.14664
158.30792
186.36168
298.57672
312.6036
256.49608
116.22728
242.4692
102.2004
284.54984
144.28104
270.52296
130.25416
228.44232
214.41544
200.38856
172.3348
76.11916
92.11856
207.8734
118.9708
118.9708
86.0622064
84.14176
132.20284
189.6908
92.14052
174.15892
174.15892
132.20528
132.20528
140.2688
96.94328
110.97016
64.0346864
112.21504
98.18816
110.97016
112.21504
98.18816
68.11852
106.12712
112.21504
135.00358
219.16486
247.21862
359.43366
317.35302
177.08422
303.32614
163.05734
345.40678
205.13798
331.3799
191.1111
289.29926
149.03046
120.9767
275.27238
261.2455
233.19174
149.03046
149.03046
132.20528
90.55228
174.71356
202.76732
314.98236
272.90172
132.63292
258.87484
118.60604
300.95548
160.68668
286.9286
146.6598
244.84796
104.57916
76.5254
230.82108
216.7942
188.74044
104.57916
104.57916
74.0979832
158.2592632
186.3130232
298.5280632
256.4474232
116.1786232
242.4205432
102.1517432
284.5011832
144.2323832
270.4743032
130.2055032
228.3936632
88.1248632
60.0711032
214.3667832
200.3399032
172.2861432
74.0979832
88.1248632
88.1248632
182.00405
266.16533
294.21909
406.43413
364.35349
224.08469
350.32661
210.05781
392.40725
252.13845
378.38037
238.11157
336.29973
196.03093
167.97717
322.27285
308.24597
280.19221
196.03093
196.03093
132.20528
140.2688
118.1784
168.32256
124.99704
208.30304
82.1454
56.10752
78.07336
86.09044
140.2688
168.32256
280.5376
74.0979832
98.18816
84.16128
100.11732
114.18756
114.18756
113.20284
126.24192
112.21504
210.4032
70.1344
100.11732
154.29568
240.30184
98.18816
84.16128
114.18756
113.20284
126.24192
112.21504
66.10264
100.11732
114.18756
113.20284
112.21504
154.29568
140.2688
154.29568
196.37632
148.16132
70.09104
67.09044
138.25292
106.12712
180.24928
230.15558
185.35312
147.38744
163.38684
181.8322
181.44792
131.38804
163.5053
137.3675032
211.5493
161.48942
324.63412
339.6488
136.23704
184.36532
195.34824
214.34824
228.37512
199.38
260.46308
266.51072
252.48384
114.166639
182.156462
101.19184
162.27492
150.17476
178.22852
178.22852
164.20164
146.23588
112.17476
114.0239496
82.0251496
166.0228192
225.89352
311.59504
269.5144
185.35312
353.67568
227.43376
192.12776
122.1961
72.085999
120.19428
184.32196
140.075822
74.1979
59.1112
108.64266
114.82746
353.67568
90.07884
227.43376
256.34704
244.33604
262.290862
143.27248
227.43376
92.32002
107.3347
297.8404192
170.29508
156.31156
167.29448
186.29448
172.31096
214.34824
200.32136
228.37512
171.32624
232.40932
238.45696
224.43008
352.0193192
60.05564
83.1332
173.299
192.7523
152.14972
114.1442
86.09044
106.94982
114.1442
62.49852
46.0442232
72.06356
153.95029
128.17108
100.11732
86.09044
67.09044
52.07576
108.18328
18.01528
106.1674
410.84
233.0348
598.84188