0.341
0.296
0.341
0.612
0.296
0.437
0.759
0.437
0.437
0.759
0.844
0.354
0.565
0.759
0.659
0.437
0.759
0.759
0.372
0.516
0.78
0.341
0.529
0.341
0.474
0.437
0.778
0.437
0.593
0.462
0.457
0.612
0.236
0.737
0.759
0.711
0.737
0.841
0.593
0.709
0.733
0.577
0.331
0.5
0.5
0.409
0.793
0.582
0.737
0.841
0.759
0.711
0.841
0.593
0.793
0.709
0.582
0.759
0.599
0.386
0.733
0.577
0.331
0.577
0.379
0.236
0.378
0.5
0.5
0.462
0.409
0.577
0.286
0.71
0.318
0.311
0.652
0.341
0.612
0.672
0.612
0.358
0.719
0.409
0.305
0.369
0.33
0.544
0.552
0.257
0.289
0.242
0.28
0.327
0.277
0.224
0.239
0.321
0.33
0.587
0.31
0.306
0.268
0.462
0.495
0.762
0.839
0.955
0.407
0.96
0.632
0.947
0.586
0.964
0.72
0.966
0.676
0.927
0.541
0.451
0.903
0.873
0.802
0.267
0.288
0.25
0.271
0.3
0.561
0.638
0.774
0.218
0.766
0.434
0.75
0.389
0.778
0.52
0.775
0.477
0.729
0.345
0.256
0.702
0.672
0.601
0.269
0.368
0.533
0.597
0.746
0.261
0.713
0.439
0.682
0.409
0.733
0.505
0.668
0.467
0.658
0.383
0.301
0.645
0.615
0.564
0.24
0.269
0.532
0.611
0.182
0.403
0.358
0.49
0.447
0.314
0.225
0.679
0.647
0.573
0.358
0.33
0.147
0.552
0.279
0.289
0.247
0.28
0.266
0.277
0.261
0.239
0.258
0.732
0.291
0.37
0.625
0.342
0.338
0.3
0.462
0.531
0.476
0.486
0.252
0.288
0.264
0.296
0.271
0.332
0.259
0.287
0.269
0.33
0.326
0.285
0.24
0.301
0.242
0.256
0.267
0.252
0.222
0.625
0.342
0.338
0.3
0.258
0.274
0.531
0.531
0.52
0.332
0.332
0.317
0.33
0.33
0.315
0.301
0.301
0.286
0.267
0.252
0.565
0.362
0.36
0.331
0.267
0.271
0.271
0.271
0.271
0.271
0.271
0.37
0.48
0.448
0.403
0.448
0.435
0.701
0.866
0.779
0.905
0.125
0.889
0.904
0.571
0.889
0.526
0.912
0.659
0.911
0.616
0.75
0.869
0.48
0.39
0.796
0.843
0.835
0.813
0.741
0.253
0.287
0.264
0.221
0.112
0.262
0.302
0.272
0.302
0.323
0.278
0.397
0.323
0.308
0.57
0.754
0.647
0.785
0.234
0.272
0.773
0.776
0.442
0.76
0.397
0.789
0.528
0.786
0.485
0.738
0.352
0.253
0.206
0.712
0.728
0.681
0.61
0.512
0.702
0.729
0.429
0.623
0.704
0.589
0.68
0.653
0.721
0.551
0.471
0.731
0.734
0.719
0.404
0.321
0.261
0.321
0.277
0.321
0.367
0.512
0.748
0.557
0.687
0.275
0.136
0.768
0.643
0.433
0.633
0.401
0.67
0.483
0.662
0.456
0.619
0.38
0.276
0.595
0.721
0.586
0.541
0.242
0.302
0.258
0.302
0.287
0.55
0.629
0.199
0.767
0.421
0.748
0.376
0.508
0.779
0.465
0.725
0.332
0.243
0.697
0.664
0.591
0.296
0.296
0.54
0.218
0.233
0.272
0.204
0.474
0.901
0.351
0.749
0.32
0.509
0.733
0.78
0.632
0.8
0.593
0.703
0.669
0.805
0.552
0.465
0.804
0.795
0.759
0.452
0.695
0.83
0.457
0.431
0.662
0.958
0.625
0.731
0.698
0.922
0.587
0.508
0.892
0.863
0.798
0.919
0.701
0.57
0.55
0.741
0.779
0.647
0.813
0.843
0.889
0.904
1.065
0.587
0.31
0.306
0.268
0.271
0.271
0.495
0.451
0.288
0.3
0.256
0.298
0.254
0.269
0.225
0.437
0.562
0.511
0.468
0.424
0.424
0.424
0.424
0.424
0.424
0.424
0.468
0.424
0.424
0.424
0.424
0.424
0.424
0.424
0.511
0.379
0.424
0.594
0.379
0.335
0.417
0.402
0.535
0.437
0.594
0.424
0.535
0.945
0.495
0.531
0.52
0.345
0.3
0.26
0.26
0.426
0.332
0.306
0.479
0.505
0.33
0.315
0.269
0.301
0.286
0.441
0.441
0.367
0.29
0.315
0.441
0.492
0.437
0.562
0.742
0.422
0.535
0.535
0.535
0.742
0.565
0.26
0.358
0.362
0.501
0.36
0.331
0.638
0.441
0.441
0.437
0.441
0.379
0.29
0.492
0.535
0.535
0.26
0.605
0.492
0.535
0.492
0.492
0.492
0.37
0.346
0.166
0.631
0.526
0.414
0.369
0.526
0.448
0.429
0.207
0.571
0.526
0.659
0.616
0.48
0.384
0.243
0.252
0.241
0.298
0.233
0.295
0.272
0.302
0.291
0.247
0.323
0.442
0.26
0.539
0.299
0.287
0.267
0.442
0.329
0.397
0.352
0.256
0.249
0.206
0.429
0.471
0.537
0.29
0.246
0.321
0.306
0.222
0.351
0.265
0.565
0.565
0.271
0.227
0.302
0.281
0.223
0.332
0.237
0.437
0.346
0.411
0.441
0.536
0.411
0.441
0.536
0.236
0.26
0.271
0.245
0.443
0.435
0.868
0.409
0.735
0.393
0.465
0.452
0.488
0.492
1.006
0.235
0.257
0.276
1.074
0.154
0.474
0.474
1.107
0.754
0.268
0.993
0.495
0.3
0.298
0.269
0.29
0.244
0.535
0.324
0.742
0.695
0.36
0.508
0.638
0.441
0.492
0.862
0.535
0.524
0.492
0.492
0.605
0.492
0.358
0.533
0.704
0.231
0.286
0.565
0.591
0.382
0.565
0.414
0.448
0.435
0.414
0.435
0.48
0.422
0.302
0.291
0.345
0.362
0.302
0.352
0.323
0.308
0.7
0.291
0.26
0.242
0.308
0.352
0.292
0.206
0.551
0.512
0.512
0.471
0.288
0.302
0.29
0.36
0.351
0.321
0.306
0.29
0.306
0.351
0.292
0.565
0.565
0.565
0.271
0.331
0.332
0.302
0.287
0.271
0.287
0.332
0.273
0.411
0.441
0.411
0.444
0.441
0.536
0.411
0.476
0.441
0.536
0.293
0.236
0.26
0.271
0.245
0.443
0.289
0.509
0.465
0.452
0.452
0.587
0.523
0.623
1.006
0.25
1.074
0.153
0.506
0.74
0.201
0.535
0.492
0.535
0.492
0.583
0.533
0.205
1.036
0.286
0.502
0.526
0.48
0.467
0.526
0.616
0.48
0.302
0.352
0.33
0.328
0.326
0.352
0.512
0.537
0.351
0.336
0.351
0.565
0.332
0.317
0.332
0.411
0.354
0.441
0.536
0.536
0.236
0.26
0.245
0.443
0.28
0.452
0.437
1.006
0.28
1.074
0.084
0.349
0.349
0.315
0.403
0.286
0.65
0.526
0.571
0.526
0.616
0.513
0.442
0.377
0.551
0.381
0.362
0.73
0.403
0.26
0.245
0.443
0.587
0.232
0.591
0.492
0.526
0.397
0.537
0.376
0.575
0.26
0.443
0.571
0.442
0.537
0.443
0.616
0.485
0.465
0.395
0.659
0.528
0.284
0.284
0.28
0.265
0.234
0.28
0.265
0.284
0.284
0.28
0.265
0.234
0.28
0.265
0.334
0.296
0.309
0.309
0.309
0.309
0.231
0.215
0.334
0.296
0.309
0.309
0.309
0.309
0.231
0.266
0.266
0.284
0.28
0.265
0.28
0.265
0.284
0.28
0.334
0.296
0.309
0.309
0.309
0.231
0.215
0.334
0.296
0.309
0.309
0.309
0.231
0.266
0.266
0.768
0.403
0.638
0.786
0.641
0.841
0.387
0.419
0.711
0.451
0.711
0.451
0.787
0.387
0.451
0.451
0.797
0.334
0.265
0.758
0.404
0.341
0.301
0.579
0.311
0.286
0.331
0.331
0.359
0.404
0.314
0.334
0.373
0.331
0.359
0.404
0.404
0.312
0.357
0.312
0.357
0.323
0.611
0.814
0.69
0.841
0.831
0.827
0.444
0.809
0.435
0.369
0.843
0.568
0.838
0.524
0.714
0.786
0.384
0.285
0.755
0.758
0.788
0.726
0.651
0.187
0.511
0.359
0.495
0.274
0.263
0.231
0.295
0.271
0.193
0.219
0.385
0.341
0.181
0.283
0.341
0.314
0.732
0.343
0.242
0.343
0.251
0.275
0.227
0.275
0.271
0.271
0.343
0.242
0.275
0.283
0.343
0.341
0.275
0.271
0.418
0.343
0.343
0.43
0.343
0.252
0.296
0.252
0.296
0.274
0.547
0.758
0.626
0.782
0.774
0.764
0.418
0.746
0.373
0.383
0.783
0.505
0.777
0.462
0.722
0.228
0.703
0.694
0.734
0.661
0.588
0.622
0.475
0.73
0.611
0.642
0.518
0.591
0.756
0.765
0.666
0.666
0.571
0.678
0.807
0.512
0.809
0.918
0.88
0.75
0.375
0.375
0.783
0.374
0.577
0.42
0.418
0.29
0.442
0.412
0.442
0.412
0.442
0.424
0.374
0.285
0.27
0.407
0.464
0.86
0.375
0.704
0.342
0.282
0.253
0.227
0.271
0.271
0.342
0.254
0.313
0.271
0.342
0.342
0.296
0.296
0.309
0.555
0.755
0.625
0.782
0.771
0.742
0.436
0.719
0.391
0.773
0.518
0.753
0.479
0.698
0.227
0.667
0.731
0.646
0.588
0.762
0.764
0.783
0.849
0.753
0.69
0.428
0.567
0.344
0.633
0.49
0.662
0.273
0.763
0.816
0.724
0.76
0.661
0.576
0.286
0.589
0.447
0.587
0.333
0.774
0.739
0.668
0.635
0.217
0.261
0.261
0.739
0.648
0.705
0.261
0.739
0.739
0.242
0.286
0.242
0.286
0.209
0.932
0.883
0.992
0.969
0.93
1.036
0.816
1.042
0.398
1.0
0.896
1.022
0.857
0.7
1.04
0.258
0.767
1.03
0.828
1.014
0.964
0.508
0.605
0.463
0.783
0.656
0.415
0.292
0.33
0.248
0.292
0.274
0.321
0.441
0.441
0.529
0.441
0.441
0.39
0.356
0.442
0.814
0.493
0.412
0.274
0.302
0.456
0.407
0.274
0.537
0.412
0.351
0.441
0.441
0.529
0.39
0.445
0.442
0.814
0.276
0.493
0.412
0.274
0.507
0.413
0.274
0.412
0.351
0.39
0.442
0.493
0.412
0.274
0.507
0.413
0.274
0.412
0.351
0.345
0.493
0.493
0.507
0.493
0.507
0.493
0.379
0.305
0.29
0.26
0.305
0.334
0.305
0.29
0.305
0.334
0.305
0.331
0.305
0.29
0.26
0.305
0.334
0.305
0.29
0.305
0.334
0.305
0.331
0.417
0.459
0.845
0.401
0.691
0.419
0.221
0.241
0.232
0.335
0.428
0.342
0.474
0.458
0.491
0.523
0.523
0.415
0.458
0.523
0.523
0.455
0.725
0.796
0.871
0.893
0.599
0.886
0.555
0.886
0.685
0.893
0.643
0.872
0.413
0.851
0.826
0.762
0.807
0.908
0.841
0.735
0.512
0.6
0.541
0.41
0.702
0.573
0.617
0.471
0.798
0.889
0.794
0.715
0.464
0.583
0.392
0.669
0.532
0.699
0.323
0.725
0.737
0.78
0.684
0.748
0.628
0.236
0.252
0.179
0.554
0.403
0.535
0.29
0.351
0.413
0.75
0.413
0.706
0.9
0.47
0.531
0.813
0.833
0.321
0.8
0.468
0.315
0.455
0.508
0.774
0.437
0.445
0.721
0.746
0.707
0.743
0.645
0.73
0.665
0.742
0.759
0.716
0.673
0.712
0.606
0.706
0.553
0.639
0.625
0.517
0.646
0.787
0.47
0.843
0.621
0.733
0.686
1.07
1.07
0.287
0.521
0.521
0.521
0.521
0.521
0.521
0.521
0.332
0.477
0.419
0.318
0.275
0.347
0.375
0.333
0.294
0.318
0.375
0.333
0.375
0.639
0.375
0.245
0.361
0.366
0.403
0.305
0.347
0.318
0.629
0.375
0.333
0.308
0.347
0.404
0.362
0.404
0.375
0.333
0.693
0.347
0.651
0.375
0.391
0.345
0.432
0.314
0.375
0.333
0.404
0.375
0.693
0.404
0.391
0.357
0.432
0.375
0.391
0.432
0.432
0.345
0.24
0.662
0.706
0.403
0.361
0.724
0.682
0.375
0.639
0.432
0.391
0.432
0.25
0.378
0.332
0.461
0.419
0.297
0.224
0.375
0.333
0.548
0.375
0.375
0.333
0.693
0.347
0.651
0.361
0.344
0.403
0.314
0.375
0.404
0.404
0.375
0.391
0.363
0.432
0.548
0.375
0.391
0.432
0.432
0.841
1.05
0.706
0.375
0.693
0.432
0.391
0.716
0.404
0.362
0.674
0.528
0.403
0.361
0.724
0.432
0.389
0.321
0.461
0.419
0.303
0.375
0.375
0.693
0.361
0.457
0.377
0.403
0.391
0.432
0.432
0.432
0.391
0.716
0.404
0.432
0.391
0.757
0.404
0.403
0.389
0.345
0.461
0.419
0.361
0.403
0.432
0.432
0.757
0.432
0.757
0.432
0.396
0.461
0.419
0.403
0.461
0.419
0.461
0.382
0.369
0.414
0.325
0.282
0.397
0.262
0.247
0.442
0.397
0.291
0.198
0.471
0.738
0.261
0.246
0.29
0.202
0.242
0.227
0.271
0.183
0.403
1.105
0.591
1.105
0.518
0.78
0.738
0.819
0.695
0.281
0.604
0.361
0.432
0.362
0.748
0.682
0.419
0.461
0.335
0.748
0.706
0.528
0.432
0.391
0.788
0.417
0.662
0.387
0.375
0.286
0.403
0.757
0.419
0.461
0.748
0.432
0.788
0.461
0.419
0.461
0.461
0.287
0.287
0.37
0.234
0.379
0.567
0.489
0.566
0.701
0.391
0.683
0.338
0.448
0.713
0.429
0.877
0.171
0.66
0.287
0.325
0.335
0.513
0.822
0.348
0.677
0.384
0.632
0.269
0.249
0.235
0.206
0.601
0.529
0.43
0.495
0.347
0.375
0.333
0.404
0.362
0.404
0.651
0.375
0.391
0.334
0.432
0.314
0.375
0.404
0.404
0.391
0.351
0.432
0.391
0.432
0.432
0.462
0.271
0.269
0.662
0.239
0.706
0.272
0.595
0.639
0.432
0.391
0.432
0.371
0.333
0.461
0.419
0.29
0.404
0.404
0.693
0.651
0.375
0.693
0.391
0.339
0.432
0.404
0.434
0.404
0.69
0.421
0.365
0.462
0.538
0.69
0.421
0.462
0.538
0.462
0.741
0.308
0.716
0.674
0.297
0.432
0.391
0.716
0.404
0.362
0.674
0.432
0.391
0.462
0.391
0.353
0.491
0.449
0.315
0.494
0.376
0.431
0.693
0.391
0.432
0.421
0.462
0.538
0.462
0.432
0.391
0.716
0.404
0.462
0.421
0.434
0.432
0.397
0.364
0.491
0.449
0.494
0.376
0.341
0.432
0.535
0.462
0.26
0.432
0.757
0.462
0.462
0.403
0.492
0.491
0.449
0.494
0.376
0.491
0.449
0.491
0.533
0.526
0.377
0.415
0.571
0.526
0.448
0.302
0.699
0.262
0.268
0.397
0.485
0.323
0.194
0.343
0.537
0.541
0.261
0.277
0.321
0.468
0.468
0.226
0.242
0.258
0.302
0.415
1.105
0.214
1.105
0.576
0.582
0.233
0.773
0.325
0.731
0.288
1.03
0.521
1.069
0.353
0.496
0.224
0.706
0.748
0.411
0.706
0.326
0.662
0.282
0.693
0.432
0.682
0.419
0.461
0.349
0.748
0.706
0.432
0.391
0.788
0.662
0.432
0.449
0.491
0.54
0.462
0.491
0.449
0.491
0.54
0.491
0.54
0.322
0.322
0.433
0.416
0.402
0.25
0.412
0.652
0.519
0.595
0.332
0.722
0.385
0.706
0.346
0.443
0.478
0.732
0.433
0.685
0.296
0.358
0.497
0.375
0.659
0.282
0.297
0.373
0.629
0.558
0.465
0.253
0.218
0.516
0.455
0.375
0.726
0.391
0.432
0.391
0.432
0.432
0.706
0.301
0.682
0.639
0.297
0.432
0.391
0.716
0.404
0.432
0.383
0.352
0.461
0.419
0.328
0.391
0.432
0.462
0.462
0.716
0.462
0.432
0.757
0.432
0.413
0.397
0.491
0.449
0.494
0.376
0.432
0.757
0.462
0.457
0.432
0.757
0.413
0.411
0.491
0.449
0.494
0.375
0.897
0.491
0.449
0.491
0.59
0.793
0.793
0.631
0.448
0.442
0.434
0.26
0.323
0.359
0.541
0.321
0.302
0.415
0.536
0.773
0.332
0.731
0.709
0.288
0.437
1.107
1.069
0.748
0.748
0.706
0.322
0.788
0.409
0.662
0.278
0.432
0.391
0.432
0.404
0.716
0.449
0.491
0.353
0.54
0.741
0.728
0.462
0.421
0.365
0.697
0.405
0.757
0.757
0.419
0.461
0.748
0.432
0.788
0.461
0.449
0.491
0.54
0.491
0.54
0.322
0.322
0.433
0.458
0.519
0.595
0.332
0.722
0.39
0.706
0.344
0.478
0.732
0.435
0.685
0.302
0.364
0.497
0.659
0.282
0.297
0.373
0.629
0.558
0.713
0.547
0.25
0.514
0.432
0.682
0.432
0.716
0.432
0.383
0.461
0.419
0.432
0.757
0.491
0.449
0.491
0.491
0.526
0.526
0.485
0.397
0.343
0.541
0.22
0.415
0.324
0.773
0.332
0.322
0.698
0.748
0.706
0.322
0.432
0.462
0.449
0.536
0.491
0.54
0.741
0.528
0.462
0.421
0.449
0.491
0.54
0.462
0.822
0.491
0.419
0.461
0.491
0.54
0.317
0.317
0.433
0.458
0.519
0.332
0.393
0.358
0.478
0.44
0.379
0.497
0.282
0.297
0.373
0.712
0.564
0.741
0.915
0.461
0.419
0.491
0.635
0.699
0.631
0.679
0.631
0.528
0.26
0.343
0.912
0.512
0.541
0.605
0.415
0.582
0.852
0.748
0.457
0.449
0.491
0.54
0.782
0.541
0.373
0.462
0.449
0.491
0.54
0.802
0.462
0.822
0.491
0.491
0.461
0.433
0.475
0.519
0.411
0.393
0.418
0.478
0.439
0.345
0.497
0.375
0.373
0.788
0.714
0.59
0.455
0.461
0.788
0.491
0.822
0.491
0.822
0.519
0.42
0.478
0.442
0.497
0.596
0.871
0.519
0.478
0.497
0.519
0.262
0.247
0.218
0.262
0.247
0.262
0.247
0.262
0.262
0.247
0.218
0.262
0.247
0.262
0.247
0.262
0.569
0.681
0.983
0.871
0.817
0.877
0.833
0.97
0.841
0.711
0.731
0.97
0.841
0.822
0.841
0.97
0.711
0.423
0.737
0.356
1.046
0.711
0.387
0.356
0.841
0.841
0.419
0.841
0.97
0.419
0.5
0.711
0.969
0.451
0.5
0.737
0.297
0.579
0.341
0.253
0.341
0.301
0.296
0.341
0.252
0.334
0.311
0.311
0.305
0.328
0.373
0.373
0.286
0.331
0.286
0.331
0.268
0.289
0.611
0.69
0.444
0.404
0.524
0.359
0.243
0.331
0.242
0.434
0.199
0.364
0.356
0.521
0.56
0.498
0.635
0.569
0.511
0.533
0.967
0.542
0.288
0.247
0.271
0.212
0.237
0.385
0.341
0.43
0.281
0.152
0.418
0.254
0.418
0.462
0.418
0.462
0.242
0.462
0.418
0.283
0.191
0.43
0.275
0.254
0.252
0.247
0.314
0.314
0.418
0.462
0.227
0.271
0.227
0.271
0.291
0.253
0.658
0.418
0.343
0.383
0.505
0.462
0.199
0.506
0.575
0.793
0.612
0.73
0.762
0.412
0.782
0.97
0.593
0.631
0.691
0.807
0.498
0.833
0.899
0.84
0.744
0.375
0.375
0.783
0.338
0.758
0.552
0.633
0.416
0.251
0.714
0.252
0.846
0.556
0.358
0.883
0.764
0.307
0.78
0.454
0.717
0.831
0.376
0.413
0.376
0.424
0.374
0.407
0.411
0.374
0.45
0.433
0.442
0.54
0.522
0.333
0.831
0.52
0.822
0.599
0.673
0.524
0.857
0.462
0.5
0.421
0.717
0.357
0.497
0.308
0.288
0.273
0.244
0.298
0.237
0.281
0.193
0.282
0.282
0.194
0.253
0.251
0.246
0.313
0.313
0.271
0.271
0.254
0.342
0.204
0.819
0.797
0.801
0.827
0.68
0.409
0.388
0.557
0.709
0.419
0.294
0.633
0.662
0.279
0.753
0.764
0.81
0.65
0.404
0.339
0.556
0.582
0.385
0.25
0.756
0.594
1.083
0.623
0.59
0.221
0.983
0.844
0.864
0.227
0.271
0.184
0.668
0.668
0.179
0.635
0.242
0.236
0.705
0.705
0.217
0.261
0.217
0.261
0.648
0.54
0.816
0.739
0.857
0.238
0.508
0.51
0.415
0.783
0.773
0.332
0.631
0.413
0.463
0.464
0.376
0.342
0.672
0.421
0.719
0.733
0.351
0.371
0.491
1.102
0.522
0.533
1.062
0.58
0.25
0.714
0.251
0.241
0.241
0.306
0.284
0.574
0.577
0.23
0.137
0.697
0.491
0.571
0.493
0.72
0.806
0.733
0.355
0.699
0.773
0.709
0.309
0.507
0.746
0.883
0.453
0.736
0.846
0.406
0.756
0.673
0.51
0.261
0.54
0.702
0.307
0.537
0.642
0.669
0.635
0.532
1.066
0.229
1.105
0.65
0.243
0.287
0.695
0.738
0.738
0.351
0.695
0.307
0.819
0.78
0.353
0.579
0.349
0.245
0.307
0.461
0.419
0.491
0.449
0.491
0.395
0.773
0.332
0.748
0.706
0.326
0.788
0.748
0.461
0.706
0.488
0.519
0.478
0.495
0.342
0.773
0.733
0.528
0.328
0.731
0.709
0.451
0.25
0.759
0.718
0.449
0.491
0.509
0.852
0.612
0.457
0.814
0.541
0.576
0.54
0.541
0.351
0.223
0.686
0.759
0.635
0.461
0.419
0.491
0.342
0.782
0.491
0.493
0.519
0.478
0.495
0.773
0.528
0.449
0.491
0.509
0.852
0.814
0.411
0.478
0.519
0.541
0.432
0.686
0.461
0.342
0.493
0.519
0.478
0.495
0.341
0.69
0.491
0.509
0.852
0.612
0.519
0.541
0.635
0.488
0.519
0.478
0.495
0.509
0.541
0.488
0.519
0.493
0.507
0.413
0.379
0.347
0.302
0.331
0.347
0.302
0.331
0.435
0.743
0.375
0.425
0.388
0.373
0.397
0.589
0.459
0.728
0.378
0.572
0.416
0.589
0.685
0.386
0.507
0.478
0.586
0.937
0.415
0.283
0.727
0.377
0.779
0.574
0.708
0.464
0.328
0.696
0.717
0.351
0.378
0.748
0.472
0.741
0.592
0.458
0.791
0.683
0.433
0.279
0.442
0.652
0.299
0.213
0.359
0.654
0.3
0.244
0.229
0.201
0.239
0.71
0.622
0.754
0.548
0.652
0.427
0.458
0.383
0.427
0.491
0.491
0.767
0.357
0.402
0.523
0.643
0.384
0.826
0.872
0.843
0.728
0.473
0.595
0.768
0.498
0.702
0.732
0.368
0.159
0.811
0.832
0.838
0.707
0.5
0.423
0.401
0.584
0.733
0.455
0.857
0.918
0.669
1.084
0.699
0.324
0.372
0.727
0.728
0.787
0.616
0.302
0.241
0.554
0.575
0.175
0.764
0.351
0.698
0.383
0.374
0.743
0.413
0.332
0.883
0.846
0.806
0.361
0.441
0.468
0.413
0.488
0.534
0.779
0.496
0.376
0.342
0.432
0.569
0.621
0.69
0.508
0.51
0.59
0.59
0.59
0.569
0.569
0.569
0.69
0.445
0.444
0.683
0.694
0.759
0.55
0.999
0.635
0.657
0.727
0.539
0.563
0.604
0.596
0.653
0.787
0.456
0.521
0.521
0.521
0.521
0.334
0.512
0.265
0.375
0.651
0.361
0.311
0.403
0.375
0.391
0.432
0.432
0.461
0.706
0.268
0.674
0.403
0.361
0.432
0.365
0.328
0.461
0.419
0.693
0.361
0.403
0.432
0.748
0.432
0.403
0.385
0.461
0.419
0.403
0.757
0.461
0.419
0.461
0.414
0.302
0.291
0.206
0.346
0.748
0.448
0.377
0.489
0.338
0.29
0.271
1.105
0.609
0.228
0.167
0.738
0.297
0.695
0.253
0.21
0.496
0.582
0.327
0.706
0.272
0.706
0.528
0.662
0.387
0.233
0.284
0.403
0.503
0.419
0.461
0.748
0.432
0.46
0.461
0.419
0.461
0.461
0.432
0.37
0.379
0.247
0.232
0.489
0.365
0.32
0.448
0.404
0.268
0.269
0.249
0.235
0.414
0.693
0.391
0.432
0.432
0.748
0.706
0.268
0.674
0.328
0.403
0.682
0.432
0.263
0.263
0.365
0.461
0.419
0.693
0.432
0.462
0.432
0.432
0.417
0.491
0.449
0.494
0.491
0.449
0.491
0.571
0.526
0.3
0.468
0.335
0.343
0.478
0.403
0.519
0.541
0.367
0.415
0.773
0.327
0.731
0.283
0.241
0.54
0.741
0.528
0.697
0.42
0.321
0.403
0.698
0.419
0.461
0.706
0.728
0.419
0.461
0.432
0.788
0.461
0.449
0.491
0.54
0.491
0.54
0.322
0.278
0.326
0.322
0.278
0.326
0.433
0.454
0.519
0.332
0.379
0.338
0.478
0.417
0.294
0.35
0.497
0.375
0.282
0.298
0.373
0.709
0.576
0.748
0.724
0.682
0.592
0.831
0.622
0.461
0.419
0.491
0.491
0.69
0.631
0.59
0.638
0.343
0.478
0.519
0.541
0.415
0.773
0.327
0.54
0.741
0.419
0.461
0.748
0.706
0.733
0.788
0.449
0.491
0.54
0.782
0.541
0.462
0.491
0.461
0.491
0.322
0.322
0.433
0.458
0.519
0.385
0.478
0.424
0.364
0.375
0.373
0.702
0.485
0.461
0.519
0.461
0.748
0.788
0.491
0.822
0.519
0.478
0.424
0.497
0.935
0.852
0.793
0.457
0.822
0.788
0.793
0.519
0.478
0.533
0.62
0.497
0.519
0.497
0.26
0.245
0.262
0.247
0.26
0.245
0.262
0.26
0.26
0.245
0.262
0.247
0.26
0.245
0.262
0.26
0.38
0.462
0.841
0.533
0.417
0.711
0.827
0.711
0.419
0.387
0.409
0.451
0.292
0.337
0.273
0.341
0.311
0.297
0.373
0.334
0.274
0.341
0.331
0.331
0.404
0.359
0.356
0.542
0.233
0.277
0.148
0.505
0.462
0.418
0.302
0.281
0.252
0.341
0.237
0.314
0.275
0.505
0.505
0.418
0.217
0.462
0.418
0.505
0.283
0.271
0.271
0.26
0.418
0.343
0.364
0.708
0.883
0.612
0.412
0.591
0.635
0.691
0.498
0.744
0.783
0.416
0.846
0.806
0.357
0.883
0.764
0.302
0.27
0.311
0.346
0.369
0.329
0.359
0.385
0.397
0.379
0.814
0.773
0.415
0.378
0.329
0.731
0.451
0.307
0.351
0.359
0.78
0.738
0.351
0.359
0.528
0.389
0.352
0.831
0.819
0.695
0.491
0.528
0.409
0.372
0.376
0.852
0.519
0.416
0.793
0.351
0.362
0.351
0.482
0.285
0.27
0.548
0.522
0.333
0.408
0.361
0.779
0.507
0.446
0.309
0.388
0.498
0.308
0.288
0.273
0.298
0.232
0.276
0.218
0.281
0.251
0.237
0.313
0.216
0.282
0.271
0.271
0.342
0.68
0.764
0.709
0.408
0.294
0.294
0.279
0.756
0.81
0.65
0.353
0.558
0.582
0.38
0.218
0.793
0.797
0.223
0.267
0.202
0.271
0.242
0.227
0.705
0.207
0.668
0.261
0.261
0.816
0.739
0.51
0.852
0.391
0.464
0.376
0.312
0.589
0.783
0.759
0.266
0.323
0.817
0.465
0.419
0.371
0.416
0.491
0.187
0.522
0.239
1.103
0.25
0.247
0.241
0.241
0.22
0.589
0.21
0.308
0.806
0.357
0.409
0.764
0.709
0.306
0.27
0.359
0.883
0.846
0.723
0.582
0.264
0.226
0.332
1.105
0.57
0.283
0.512
0.577
0.389
0.731
0.288
0.814
0.773
0.332
0.342
0.773
0.528
0.731
0.451
0.741
0.303
0.507
0.509
0.852
0.814
0.541
0.411
0.576
0.389
0.362
0.25
0.537
0.541
0.351
0.266
0.461
0.419
0.461
0.399
0.738
0.297
0.706
0.489
0.448
0.305
0.738
0.328
0.695
0.819
0.78
0.432
0.54
0.461
0.419
0.491
0.342
0.748
0.519
0.478
0.495
0.773
0.733
0.528
0.449
0.491
0.509
0.814
0.541
0.478
0.519
0.541
0.432
0.461
0.519
0.478
0.495
0.342
0.491
0.509
0.852
0.519
0.541
0.519
0.478
0.495
0.519
0.413
0.351
0.307
0.259
0.351
0.307
0.351
0.307
0.263
0.351
0.307
1.046
0.433
0.751
0.418
0.388
0.397
0.682
0.694
0.416
0.685
0.241
0.241
0.386
0.23
0.507
0.478
0.586
0.289
0.727
0.372
0.708
0.464
0.32
0.301
0.717
0.428
0.748
0.465
0.877
0.741
0.412
0.831
0.683
0.433
0.274
0.442
0.652
0.298
0.213
0.452
0.654
0.264
0.244
0.229
0.24
0.622
0.552
0.491
0.458
0.536
0.523
0.728
0.846
0.768
0.541
0.368
0.847
0.838
0.707
0.806
0.528
0.324
0.871
0.616
0.379
0.317
0.413
0.38
0.846
0.496
0.342
0.422
0.596
0.51
0.444
0.686
0.759
0.579
0.642
0.727
0.539
0.596
0.653
0.504
0.456
0.521
0.443
1.025
1.09
0.403
0.461
0.419
0.461
0.442
0.448
0.489
0.738
0.297
0.695
0.253
0.21
0.706
0.548
0.662
0.387
0.191
0.29
0.716
0.419
0.461
0.706
0.528
0.757
0.461
0.461
0.287
0.244
0.287
0.243
0.247
0.232
0.489
0.364
0.448
0.402
0.249
0.748
0.461
0.491
0.616
0.519
0.773
0.327
0.852
0.741
0.328
0.491
0.741
0.461
0.317
0.317
0.519
0.478
0.418
0.497
0.757
0.536
0.814
0.852
0.782
0.788
0.519
0.478
0.497
0.852
0.788
0.519
0.497
0.26
0.26
0.59
0.711
0.711
0.97
0.711
0.323
0.337
0.341
0.334
0.337
0.326
0.326
0.444
0.69
0.542
0.193
0.262
0.277
0.418
0.341
0.281
0.43
0.275
0.385
0.277
0.607
0.462
0.505
0.267
0.267
0.418
0.883
0.612
0.457
0.417
0.691
0.375
0.416
0.806
0.357
0.606
0.384
0.384
0.383
0.773
0.424
0.386
0.376
0.358
0.773
0.41
0.78
0.461
0.39
0.819
0.489
0.578
0.347
0.414
0.411
0.347
0.427
0.285
0.27
0.548
0.522
0.416
0.507
0.443
0.344
0.288
0.261
0.276
0.281
0.276
0.266
0.266
0.817
0.409
0.764
0.412
0.499
0.61
0.84
0.252
0.267
0.271
0.267
0.257
0.257
0.816
0.69
0.51
0.463
0.569
0.359
0.788
0.413
0.416
0.519
0.478
0.464
0.376
0.898
0.371
0.416
0.491
0.522
0.237
0.241
0.806
0.357
0.764
0.709
0.302
0.409
0.27
0.883
0.846
0.591
0.239
0.226
0.332
0.814
0.773
0.332
0.495
0.773
0.409
0.731
0.451
0.25
0.822
0.822
0.784
0.509
0.573
0.356
0.25
0.206
0.852
0.813
0.541
0.351
0.271
0.461
0.461
0.491
0.773
0.327
0.741
0.748
0.322
0.322
0.519
0.478
0.495
0.773
0.328
0.731
0.451
0.814
0.541
0.541
0.351
0.489
0.448
0.738
0.419
0.461
0.819
0.78
0.448
0.489
0.403
0.822
0.519
0.478
0.491
0.519
0.519
0.478
0.519
0.413
0.69
0.69
0.347
0.302
0.244
0.351
0.403
0.347
0.302
0.255
0.351
0.748
0.439
0.685
0.241
0.386
0.236
0.507
0.478
0.371
0.717
0.428
0.465
0.413
0.433
0.442
0.652
0.301
0.452
0.244
0.548
0.393
0.766
0.877
0.846
0.768
0.541
0.411
0.793
0.793
0.373
0.831
0.806
0.733
0.528
0.631
0.359
0.426
0.432
0.569
0.457
0.819
0.444
0.548
0.507
0.496
0.376
0.569
0.69
0.51
0.59
0.59
0.569
0.437
0.69
0.419
0.461
0.509
0.422
0.653
0.46
0.509
0.374
0.374
0.331
0.331
0.738
0.297
0.788
0.706
0.724
0.373
0.706
0.287
0.287
0.489
0.448
0.701
0.782
0.519
0.497
0.497
0.497
0.841
0.367
0.402
0.334
0.357
0.357
0.511
0.592
0.642
0.573
0.341
0.307
0.341
0.275
0.296
0.296
0.505
0.883
0.612
0.417
0.691
0.424
0.846
0.424
0.596
0.417
0.417
0.548
0.507
0.306
0.296
0.296
0.296
0.286
0.286
0.519
0.806
0.733
0.357
0.781
0.31
0.27
0.883
0.846
0.814
0.773
0.528
0.731
0.434
0.409
0.25
0.822
0.509
0.852
0.814
0.541
0.59
0.541
0.569
0.351
0.788
0.748
0.519
0.773
0.528
0.328
0.731
0.709
0.451
0.852
0.351
0.519
0.852
0.457
0.814
0.489
0.819
0.347
0.302
0.347
0.347
0.302
0.347
0.507
0.534
0.717
0.456
0.452
0.548
0.846
0.514
0.548
0.596
0.653
0.46
0.249
0.78
0.497
0.497
0.653
0.969
0.402
0.43
0.635
0.691
0.503
0.424
0.852
0.498
0.806
0.356
0.846
0.332
0.5
0.773
0.528
0.328
0.574
0.852
0.773
0.733
0.528
0.328
0.574
0.814
0.814
0.756
0.685
0.347
0.347
0.347
0.347
0.88
0.428
0.452
0.548
0.59
0.596
0.653
0.819
0.759
0.741
0.524
0.883
0.846
0.405
0.332
0.852
0.814
0.814
0.541
0.411
0.373
0.852
0.814
0.541
0.831
0.452
0.61
0.663
0.622
0.727
0.498
0.522
0.913
0.452
0.852
0.417
0.428
0.877
0.452
0.541
0.787
0.663
0.778
0.708
0.798
0.827
0.734
0.724
1.07
0.755
0.709
0.312
1.106
0.403
0.278
0.452
0.97
0.841
0.313
0.852
0.433
0.433
0.433
0.628
0.65
0.533
0.591
0.859
0.69
0.392
0.591
0.65
0.591
0.499
0.65
0.426
0.585
0.379
0.364
0.402
0.533
0.318
0.793
0.8
0.448
1.05
0.557
0.69
0.65
0.533
0.404
0.355
0.413
0.413
0.413
0.715
0.5
0.413
0.5
0.415
0.376
0.69
0.65
0.5
0.413
0.591
0.5
0.373
0.435
0.475
0.386
0.567
0.685
0.41
0.213
0.238
0.754
0.65
0.413
0.409
0.591
0.69
0.69
0.409
0.374
0.315
0.529
0.378
0.26
0.699
0.381
0.399
0.487
0.291
0.638
0.421
0.565
0.467
0.454
0.795
0.306
0.767
0.338
0.383
0.334
0.211
0.191
0.438
0.32
0.486
0.518
0.35
1.051
0.659
0.104
0.388
0.57
0.432
0.323
0.343
0.409
0.388
0.434
0.402
0.327
0.252
0.746
0.459
0.374
0.323
0.381
0.221
0.341
0.372
0.436
0.399
0.3555
0.349
0.466
0.2526
0.425
0.359
0.485
0.378
0.69
0.35
0.486
0.681
0.129
0.269
0.171
0.33
0.298
0.106
0.22
0.363
0.357
0.0611
0.0105
0.641
0.355
0.569
0.313
0.559
0.21
0.472
0.299
0.803
0.603
0.366
0.502
0.296
0.26
0.3
0.416
0.914
0.473
0.367
0.59
0.314
0.326
0.433
0.42
0.401
0.361
0.366
0.366
0.374
0.325
0.341
0.358
0.1
0.428
0.394
1.06
0.934
1.09
0.918
0.551
0.324
0.782
0.605
0.306
0.504
0.288
0.304
0.946
0.092
0.216
0.1505
0.4337
0.1189
0.251
0.187
0.206
0.187
0.205
0.255
0.156
0.192
0.175
0.17
0.193
0.2
0.594
0.771
0.771
0.439
0.482
0.577
0.482
0.7
0.754
0.388
0.639
0.592
0.795
0.579
0.551
0.415
0.395
0.415
0.428
0.271
0.447
0.728
0.667
0.699
0.631
0.794
0.508
0.464
0.307
1.025
0.787
0.774
0.729
0.596
0.38
0.329
0.394
0.274
0.372
0.277
0.681
0.655
0.371
0.296
0.319
0.445
0.2276
0.228
0.1107
0.111
0.0663
0.066
0.501
0.193
0.179
0.181
0.201
0.283
0.283
0.097
0.976
0.069
0.3564
0.2
0.276
0.303
0.316
0.173
0.33
0.551
0.354
0.25
0.219
0.253
0.211
0.222
0.27
0.251
0.197
0.301
0.244
0.172
0.948
0.256
0.603
0.274
0.286
0.286
0.367
0.366
0.361
0.274
0.457
0.135
0.206
0.21
0.232
0.266
0.302
0.206
0.237
0.274
0.147
0.231
0.312
0.579
0.661
0.839
0.812
0.447
0.79
0.402
0.836
0.536
0.827
0.492
0.764
0.357
0.268
0.733
0.699
0.621
0.331
0.326
0.252
0.516
0.598
0.779
0.749
0.385
0.727
0.341
0.775
0.474
0.765
0.43
0.7
0.296
0.208
0.669
0.635
0.558
0.271
0.267
0.251
0.515
0.597
0.776
0.747
0.385
0.725
0.34
0.773
0.473
0.763
0.429
0.699
0.296
0.208
0.668
0.634
0.557
0.251
0.271
0.266
0.242
0.506
0.588
0.777
0.743
0.375
0.72
0.33
0.772
0.463
0.76
0.419
0.693
0.286
0.198
0.661
0.626
0.548
0.261
0.257
0.365
0.365
0.365
0.274
0.341
0.302
0.509
0.256
0.275
0.203
0.572
0.475
0.569
0.227
0.294
0.272
0.389
0.681
0.386
0.389
0.241
0.415
0.504
0.341
0.295
0.279
0.432
0.694
0.386
0.541
0.38
0.189
0.415
0.43
0.688
0.386
0.385
0.504
0.457
0.504
0.742
0.324
0.279
0.279
0.664
0.476
0.927
0.612
0.178
0.465
0.296
0.5
0.327
0.995
0.312
0.279
0.254
0.32
0.32
0.303
0.692
0.185
0.189
0.292
0.313
0.424
0.385
0.241
0.252
0.371
0.208
0.386
0.264
0.369
0.306
0.462
0.212
0.421
0.368
0.525
0.751
0.36
0.378
0.412
0.281
0.399
0.252
0.28
0.357
0.212
0.195
0.614
0.262
0.288
0.195
0.127
0.5
0.343
0.328
0.298
0.378
0.203
0.372
0.274
0.666
0.673
0.582
0.492
0.645
0.806
0.75
0.793
0.62
0.547
0.712
0.587
0.835
0.666
0.68
0.663
0.604
0.915
0.742
1.111
0.702
0.963
0.997
1.048
0.601
0.45
0.432
0.415
0.447
0.5
0.403
0.529
0.346
0.541
0.447
0.688
0.768
0.789
0.163
0.399
0.494
0.398
0.591
0.125
0.142
0.293
0.108
0.21
0.529
0.448
0.899
0.957
0.345
0.394
0.688
0.53
0.344
0.555
0.371
0.26
0.302
0.18
0.268
0.428
0.266
0.267
0.205
0.199
0.402
0.318
0.249
0.206
0.293
0.45
0.396
0.513
0.385
0.83
0.795
0.891
0.795
0.949
0.732
0.953
0.43
0.486
0.347
0.281
0.345
0.666
0.616
0.808
0.761
0.67
0.387
0.29
0.507
0.304
0.378
0.481
0.274
0.717
0.771
0.737
0.622
0.846
0.681
0.577
0.715
0.655
0.842
0.611
0.7
0.708
0.804
0.609
0.812
0.568
0.406
0.767
0.684
0.79
0.648
0.811
0.525
0.437
0.804
0.791
0.746
0.277
0.165
0.108
0.758
0.71
1.105
0.7
0.761
1.094
0.692
0.711
0.631
0.69
0.141
0.512
0.916
0.447
0.688
0.485
1.031
1.088
0.614
0.601
0.551
0.585
0.37
0.339
0.316
0.388
0.437
0.382
0.907
0.263
0.385
0.641
0.206
0.2
0.655
0.562
0.513
0.657
0.13
0.622
0.439
0.194
0.281
0.637
0.344
0.406
0.344
0.685
0.406
0.406
0.406
0.406
0.175
0.361
0.3
0.239
0.183
0.3
0.34
0.536
0.737
0.612
0.79
0.711
0.097
0.767
0.749
0.404
0.716
0.323
0.361
0.317
0.424
0.804
0.483
0.763
0.415
0.699
0.298
0.669
0.708
0.643
0.57
0.832
1.002
0.996
0.787
0.891
0.806
0.934
0.88
0.819
0.614
0.551
0.677
0.439
0.384
0.53
0.482
0.95
0.437
0.369
0.782
0.855
0.374
0.582
0.931
0.88
0.0939
0.035
0.022
0.078
0.529
0.529
0.747
0.8
0.291
0.972
0.821
0.726
0.675
0.576
0.72
0.88
1.006
0.798
0.764
0.733
0.675
0.669
0.856
0.907
0.829
1.087
0.98
0.759
0.708
0.729
0.476
0.442
1.107
0.1
0.369
0.562
0.434
0.579
0.456
0.407
0.434
0.432
0.596
0.699
0.596
0.395
0.366
0.378
0.645
0.477
0.401
0.385
0.374
0.19
0.393
0.835
0.434
0.558
0.699
0.631
0.7
0.783
0.22
0.285
0.794
0.596
0.508
0.508
0.787
0.395
0.494
0.465
0.224
0.426
0.359
0.255
0.338
0.307
0.306
0.389
0.4
0.793
0.188
0.344
0.126
0.639
0.592
0.795
0.579
0.601
0.538
0.774
0.407
0.307
0.42
0.394
0.323
0.346
0.329
0.359
0.494
0.296
0.686
0.434
0.432
0.729
0.759
0.667
1.073
0.267
0.497
0.432
0.369
0.561
0.247
0.285
0.304
0.813
0.463
0.256
0.246
0.27
0.242
0.696
0.732
0.776
0.8
0.086
0.442
0.507
0.56
0.662
0.482
0.79
0.817
0.9
0.839
0.486
0.197
0.161
0.472
0.201
0.77
0.941
0.575
0.907
0.535
0.478
0.314
0.432
0.403
0.822
0.657
0.261
0.981
0.616
0.891
0.496
0.393
0.848
0.708
0.811
0.738
0.226
0.1741
0.588
0.404
0.053
0.075
0.247
0.264
0.282
0.453
0.545
0.317
0.989
0.202
0.368
0.734
0.4577
0.369
0.376
0.1506
0.17
0.169
0.123
0.959
0.537
0.603
0.513
0.992
0.839
1.059
0.413
0.571
0.275
0.942
0.812
0.844
0.733
0.705
0.849
0.77
0.835
1.028
0.798
0.869
0.92
0.748
0.758
0.355
0.35
1.116
0.518
0.756
0.595
0.496
0.534
0.759
0.419
1.094
0.699
0.508
1.021
0.511
0.529
0.498
0.515
0.25
0.168
0.497
0.383
0.239
0.887
0.833
0.717
0.823
0.983
0.826
0.741
0.748
0.25
0.753
0.364
0.395
0.249
0.205
0.496
0.474
0.437
0.51
0.415
0.729
0.635
0.345
0.387
0.301
0.397
0.474
0.73
0.621
0.639
0.54
0.474
0.483
0.759
0.699
0.639
0.368
0.307
0.639
0.488
0.458
0.479
0.456
0.442
0.826
0.3142
0.672
0.0693
0.1315
0.41
0.41
0.366
0.3822
0.0381
0.3582
0.0542
0.0942
0.289
0.801
0.694
0.823
0.309
0.335
0.376
0.1115
0.122
0.247
0.193
0.091
1.083
0.759
0.184
0.585
0.189
0.548
0.771
0.579
0.434
0.455
0.422
0.424
0.39
0.639
0.649
0.579
0.403
0.415
0.397
0.253
0.421
0.596
0.384
0.38
0.363
0.382
0.274
0.33
0.362
0.614
0.338
0.642
0.913
0.733
0.488
0.489
0.409
0.639
0.579
0.579
0.462
0.413
0.4
0.666
1.061
0.646
0.791
0.158
0.355
0.472
0.368
0.405
0.669
0.464
0.759
0.313
0.456
0.379
0.353
0.214
0.432
0.639
0.395
0.386
0.432
0.935
0.323
0.307
0.276
0.33
0.303
0.259
0.817
0.304
0.257
0.925
0.126
1.022
0.796
0.756
0.313
1.013
0.318
0.42
0.454
0.492
0.486
0.318
0.448
0.378
0.293
0.279
0.354
0.32
0.359
0.963
0.667
0.373
0.433
0.519
0.376
0.374
0.365
0.311
0.349
0.329
0.73
0.492
0.546
0.651
0.579
0.435
0.327
0.998
0.546
0.558
0.942
0.502
0.292
0.284
0.189
0.327
0.399
1.103
0.403
0.278
0.452
0.246
0.332
0.301
0.012
0.3
0.299
0.625
0.759
0.329
0.359
0.359
0.404
0.298
0.456
0.434
0.432
0.359
0.412
0.355
0.432
0.434
0.432
0.359
0.331
0.513
0.348
0.564
0.421
0.192
0.378
0.313
0.323
0.153
0.434
0.393
0.225
0.355
0.432
0.541
0.699
0.592
0.276
0.692
0.667
0.222
0.324
0.209
0.198
0.254
0.787
0.395
0.465
0.774
0.407
0.42
0.197
0.364
0.31
0.175
0.294
0.412
0.286
0.266
0.321
0.259
0.77
0.158
0.317
0.795
0.579
0.551
0.794
0.596
0.508
1.049
0.754
0.412
0.344
0.376
0.327
0.347
0.346
0.277
0.343
0.162
0.274
0.581
0.306
0.139
0.266
0.298
0.729
0.355
0.432
0.434
0.432
0.434
0.263
0.7
0.699
0.631
0.237
0.369
0.432
0.432
0.369
0.432
0.432
0.441
0.404
0.397
0.378
0.212
0.29
0.281
0.425
0.213
0.236
0.685
0.238
0.423
0.23
0.198
0.66
0.347
0.376
0.818
0.437
0.77
0.726
0.822
0.586
0.406
0.344
0.319
0.437
0.406
0.361
0.392
0.638
0.8
0.868
0.547
0.842
0.509
0.403
0.589
0.347
0.913
0.624
0.211
0.898
0.586
0.814
0.25
0.473
0.406
0.284
0.334
0.708
0.792
0.732
0.755
0.692
0.288
0.189
0.383
0.447
0.355
0.866
0.579
0.817
0.565
0.302
0.86
0.877
0.635
0.717
0.403
0.056
0.241
0.7144
0.5829
0.924
0.449
0.38
0.0377
0.8511
0.266
0.8533
0.199
0.12
0.4312
0.348
0.3005
0.405
0.1408
0.861
0.852
0.839
1.063
0.937
0.778
0.729
0.746
0.444
0.605
0.772
0.716
0.57
0.65
0.531
0.716
0.617
0.638
0.577
0.566
0.88
0.569
0.318
0.421
0.664
0.486
0.437
0.304
0.434
0.366
0.293
0.219
0.34
0.32
0.669
0.462
0.476
0.376
0.374
0.335
0.311
0.626
0.341
0.329
0.741
0.561
0.482
0.539
0.551
0.657
0.384
0.31
0.328
0.328
0.984
0.858
0.811
0.84
1.036
0.905
0.951
0.742
0.756
0.292
0.356
0.11
0.327
0.589
0.533
0.4
0.336
0.562
0.771
0.651
0.733
0.53
0.587
0.473
0.759
0.621
0.569
0.572
0.538
0.526
0.178
0.918
0.231
0.0222
0.2119
0.635
0.542
0.694
0.735
0.495
0.318
0.421
0.372
0.491
0.485
0.312
0.513
0.689
0.374
0.293
0.285
0.403
0.299
0.39
0.928
0.527
0.662
0.433
0.515
0.376
0.374
0.367
0.311
0.682
0.617
0.407
0.901
0.536
0.318
0.329
0.782
0.425
0.553
0.539
0.643
0.564
0.435
0.734
0.633
0.442
0.661
0.472
0.322
0.917
0.437
0.134
0.493
0.246
0.245
1.105
0.708
0.811
0.686
0.805
0.959
0.787
0.857
0.733
0.833
0.67
0.305
0.449
0.464
0.569
0.347
0.537
0.698
0.577
0.448
0.449
0.528
0.699
0.639
0.321
0.759
0.579
0.474
0.407
0.438
0.413
0.398
0.0498
0.1726
0.389
0.372
0.291
0.752
0.471
0.418
0.426
0.438
0.594
0.412
0.263
0.403
0.535
0.201
0.0452
0.326
0.218
0.2344
0.118
0.5936
0.032
0.032
0.0832
0.531
0.192
0.264
0.372
1.058
0.708
0.792
0.414
0.152
0.575
0.555
0.152
0.342
0.256
0.56
0.325
0.472
0.389
0.432
0.622
0.521
0.433
0.318
0.759
0.667
0.729
0.318
0.795
0.579
0.551
0.794
0.596
0.508
0.484
0.335
0.383
0.359
0.232
0.397
0.631
0.639
0.592
0.787
0.395
0.465
0.417
0.449
0.774
0.754
0.7
0.323
0.28
0.344
0.26
0.327
0.286
0.141
0.442
0.775
0.543
0.722
0.481
0.257
0.432
0.203
0.507
0.204
0.239
0.211
0.701
0.288
0.267
0.671
0.347
0.677
0.313
0.296
0.737
0.793
0.31
0.619
0.832
0.572
0.395
0.442
0.5
0.472
0.349
0.397
0.251
0.327
0.327
0.596
0.602
0.38
0.282
0.279
0.274
0.33
0.54
0.443
0.42
0.291
0.133
0.34
0.269
0.316
0.0938
0.106
0.053
0.227
0.118
0.0985
0.072
0.139
0.389
0.276
0.155
0.136
0.125
0.222
0.203
0.093
0.079
0.2318
0.3858
0.221
0.184
0.165
0.14
0.306
0.097
1.054
0.481
0.297
0.992
0.53
0.483
0.559
0.365
0.382
0.2463
0.2561
0.2453
0.2151
0.272
0.307
0.424
0.494
0.1764
0.668
0.057
0.326
0.376
0.567
0.685
0.612
0.633
0.34
0.432
0.481
0.294
0.415
0.335
0.191
0.788
0.38
0.652
0.275
0.267
0.274
0.271
0.877
0.61
0.582
0.451
0.3
0.5
0.631
0.419
0.479
0.107
0.214
0.361
1.071
0.753
0.785
0.784
0.643
0.781
0.936
0.686
0.861
0.719
0.789
0.478
0.917
0.965
0.4
0.368
0.227
0.2233
0.226
0.704
0.612
0.2
0.746
0.224
0.7051
0.705
0.729
0.679
0.037
0.173
0.284
0.314
0.428
0.44
0.387
0.291
0.373
0.22
0.415
0.27
0.401
0.255
0.359
0.344
0.329
0.299
0.304
0.56
0.283
0.0946
0.231
0.218
0.197
1.107
0.2837
0.264
0.658
0.434
0.366
0.356
0.274
0.223
0.206
0.21
0.238
0.27
0.206
0.234
0.27
0.116
0.667
0.255
0.312
0.579
0.661
0.839
0.812
0.447
0.79
0.402
0.836
0.536
0.827
0.492
0.764
0.357
0.268
0.733
0.699
0.621
0.331
0.326
0.356
0.252
0.516
0.598
0.779
0.749
0.385
0.727
0.341
0.775
0.474
0.765
0.43
0.7
0.296
0.208
0.669
0.635
0.558
0.271
0.267
0.251
0.515
0.597
0.776
0.747
0.385
0.725
0.34
0.773
0.473
0.763
0.429
0.699
0.296
0.208
0.668
0.634
0.557
0.251
0.271
0.266
0.242
0.506
0.588
0.777
0.743
0.375
0.72
0.33
0.772
0.463
0.76
0.419
0.693
0.286
0.198
0.661
0.626
0.548
0.261
0.257
0.365
0.274
0.339
0.548
0.302
0.509
0.282
0.218
0.557
0.571
0.482
0.569
0.822
0.227
0.337
0.261
0.389
0.679
0.685
0.386
0.411
0.338
0.695
0.237
0.415
0.504
0.77
0.334
0.285
0.681
0.386
0.411
0.344
0.189
0.415
0.694
0.386
0.339
0.504
0.457
0.504
0.622
0.715
0.338
0.398
0.299
0.659
0.487
0.189
0.694
0.332
0.554
0.35
0.374
0.217
0.269
0.189
0.396
0.282
1.026
0.791
0.185
0.617
0.753
0.904
0.945
0.706
0.78
0.7
0.697
0.842
0.414
0.316
0.437
0.759
0.792
1.059
1.038
0.974
0.46
0.524
0.238
0.35
0.18
0.804
0.804
0.675
0.737
0.754
0.997
0.322
0.218
0.346
0.691
0.489
0.175
0.209
0.27
0.208
0.969
0.334
0.853
0.6
0.574
0.452
0.699
0.754
0.07
0.05
0.163
0.62
0.53
0.7
0.835
0.596
0.849
0.675
0.982
0.707
0.738
0.646
0.638
0.318
0.62
0.415
0.1305
0.1858
0.757
0.434
0.351
0.277
0.434
0.1
0.143
0.285
0.165
0.391
0.38
0.381
0.378
0.118
0.329
0.3449
0.317
0.31
0.298
0.343